1.000000000000000056e-01 5.105605056143280862e-01 1.438072653735393280e-01 8.297397363160308933e-33 6.605830581736346959e-33
1.040574581059786063e-01 4.729512729341260324e-01 1.006768765018973694e-01 6.999290431646728543e-33 5.193720220400535769e-33
1.082795458747749379e-01 4.389372089032261837e-01 7.703953869703052126e-02 5.937819483233720939e-33 4.237754959615357938e-33
1.126729430859878256e-01 4.104413536990028089e-01 7.359365556316556367e-02 5.116676924419758056e-33 3.704624583431903412e-33
1.172446005484748810e-01 3.870301348890801685e-01 8.723604763867674750e-02 4.485407291182904531e-33 3.456697023848485000e-33
1.220017510972512403e-01 3.665346095057787634e-01 1.103012512193932426e-01 3.967439010162813012e-33 3.303998165497693770e-33
1.269519210365825101e-01 3.464648424696458173e-01 1.274658291954018086e-01 3.494784622450992554e-33 3.068654094894618928e-33
1.321029420473768812e-01 3.248102817731917114e-01 1.236229661273569730e-01 3.028197067615727380e-33 2.666815303513011415e-33
1.374629635777143699e-01 3.011862922412339993e-01 9.925908911627576159e-02 2.569990607508469461e-33 2.157359647737298701e-33
1.430404657361168119e-01 2.771512579937165377e-01 7.084745561870539610e-02 2.153152792507326119e-33 1.683433490732779758e-33
1.488442727079564154e-01 2.557223853547353487e-01 5.381549041156638569e-02 1.815549823601738987e-33 1.356539953091851529e-33
1.548835667162303253e-01 2.378004178053867435e-01 5.197665946686138433e-02 1.559250294077867001e-33 1.184544244476211355e-33
1.611679025487867956e-01 2.232984085257372631e-01 6.075691830137177479e-02 1.364678745860278719e-33 1.101552022581402843e-33
1.677072226749882211e-01 2.096695713148575835e-01 6.871840767884096479e-02 1.193879698793355490e-33 1.012635435913036360e-33
1.745118729757261233e-01 1.952024077774577038e-01 6.482513490868133110e-02 1.026311018330458900e-33 8.692954219810221178e-34
1.815926191116747912e-01 1.798725350552446145e-01 5.150021720971945799e-02 8.654266612004363033e-34 7.008134208715887459e-34
1.889606635556803360e-01 1.654612575554718079e-01 4.057110051671881240e-02 7.285373261068565931e-34 5.668631697058790725e-34
1.966276633162312992e-01 1.533263750891278032e-01 3.804582525244815105e-02 6.231456053280286546e-34 4.885157607593323443e-34
2.046057483800520493e-01 1.428795710444973055e-01 4.063331139370716938e-02 5.395651734737505700e-34 4.396143533504387738e-34
2.129075409029966559e-01 1.330167804238776008e-01 4.074993215882021652e-02 4.655062117665852543e-34 3.862808887277561952e-34
2.215461751796049816e-01 1.226126713419481984e-01 3.548837834638953609e-02 3.947080120337855920e-34 3.215749085107508585e-34
2.305353184229154140e-01 1.129270037101904739e-01 2.993058549071702518e-02 3.338642025920262353e-34 2.656419879591619924e-34
2.398891923874096332e-01 1.043046197853487039e-01 2.787476237321081032e-02 2.846360770379213431e-34 2.275274280290500866e-34
2.496225958692991909e-01 9.664346891173135334e-02 2.759699849836829560e-02 2.442492611679429865e-34 1.989021017629862320e-34
2.597509281197523667e-01 8.927612962146802555e-02 2.578425355895195420e-02 2.083899974247522117e-34 1.699745730987238104e-34
2.702902132081018705e-01 8.219460857751494098e-02 2.273652558125787218e-02 1.766568470429086979e-34 1.423173592198255920e-34
2.812571253735808852e-01 7.571649948342597247e-02 2.069682164631340276e-02 1.500737200733304836e-34 1.206471890134206188e-34
2.926690154056936222e-01 6.986425841320982599e-02 1.967258115878237068e-02 1.280048981632097246e-34 1.037841782885913858e-34
3.045439380949597763e-01 6.438016092097270660e-02 1.822139600860796585e-02 1.089132188408692434e-34 8.836244461292167490e-35
3.169006807974601991e-01 5.920575385959819109e-02 1.641900459668301296e-02 9.234561877956540668e-35 7.450275877954762493e-35
3.297587931583780829e-01 5.445654935336288055e-02 1.515573954960931780e-02 7.840686041725063114e-35 6.335590211037118238e-35
3.431386180415599840e-01 5.010724138964035151e-02 1.410385863088696977e-02 6.663427269568312522e-35 5.400204612247188273e-35
3.570613237140302099e-01 4.604634643790191106e-02 1.285786407139953395e-02 5.649988430033202319e-35 4.568023141315682845e-35
3.715489373363796699e-01 4.229789994072676029e-02 1.179838641492590018e-02 4.790405695075385392e-35 3.872878611424213040e-35
3.866243798120120312e-01 3.885815512760554952e-02 1.089356574669514931e-02 4.063564237946105477e-35 3.289625027137409441e-35
4.023115020503840178e-01 3.564600205245782583e-02 9.961996749035821955e-03 3.440365944145377474e-35 2.782749716889658856e-35
4.186351227016115728e-01 3.269877595324020142e-02 9.143273478874556701e-03 2.913330362752515245e-35 2.357095629141229393e-35
4.356210674221416834e-01 2.999323397828819113e-02 8.395791924292383621e-03 2.467073824514551508e-35 1.996531749132941415e-35
4.532962097336118990e-01 2.748343132226852004e-02 7.685223245209290947e-03 2.086748412557670044e-35 1.688366729974555128e-35
4.716885135395421091e-01 2.518992340433104729e-02 7.048935017796896865e-03 1.765759990867649228e-35 1.428930375306225219e-35
4.908270773671222220e-01 2.306236473248154256e-02 6.452363227794479482e-03 1.492383668557965162e-35 1.207695699089792441e-35
5.107421804040924718e-01 2.111597941091149927e-02 5.908496229423462059e-03 1.261497815648233765e-35 1.020899188267710782e-35
5.314653304035502623e-01 1.932373516181168718e-02 5.407104094685141055e-03 1.065772570200661761e-35 8.625172938570746809e-36
5.530293135324749754e-01 1.767670135589633623e-02 4.946408360659286518e-03 9.000772100432177447e-36 7.284381228602202568e-36
5.754682462428364342e-01 1.616297712495483666e-02 4.523097324157476264e-03 7.598172370448315286e-36 6.149450584773507059e-36
5.988176292473492701e-01 1.476740618318135231e-02 4.133283712320789775e-03 6.408998142565614615e-36 5.187611070092905138e-36
6.231144036852747092e-01 1.349572564497126745e-02 3.777304349511928505e-03 5.407689635377136961e-36 4.377048250464911379e-36
6.483970095671233169e-01 1.232836110229576336e-02 3.450547139009945904e-03 4.560839870895809894e-36 3.691576599890983665e-36
6.747054465907273979e-01 1.126057550877121623e-02 3.151397800687338706e-03 3.846255477628479986e-36 3.112994508543467168e-36
7.020813374249019745e-01 1.027478277308832913e-02 2.875847969833525940e-03 3.240248398936191820e-36 2.622732793950109771e-36
7.305679935608118125e-01 9.374450196419758380e-03 2.623965763248062646e-03 2.729476140181003644e-36 2.209355335251420698e-36
7.602104838352301552e-01 8.546925083953341162e-03 2.392725197585387348e-03 2.297581711780230268e-36 1.859959890902342451e-36
7.910557057341018883e-01 7.798662541269457682e-03 2.182835488809925853e-03 1.935727643190935585e-36 1.566817454921184096e-36
8.231524595892166785e-01 7.106498934550191729e-03 1.989313103413560199e-03 1.628597090068061210e-36 1.318318035986700415e-36
8.565515257853815179e-01 6.477389651077064721e-03 1.813083893299075175e-03 1.370633105487539061e-36 1.109442204821888682e-36
8.913057451002438514e-01 5.897250123137383684e-03 1.651016386452266614e-03 1.152133524994643569e-36 9.327007433696659568e-37
9.274701023038669501e-01 5.373188256500838027e-03 1.504053997263126233e-03 9.692998178730448033e-37 7.846045790086943110e-37
9.651018131503231734e-01 4.892867633768407075e-03 1.369516077057446237e-03 8.149881125719339957e-37 6.596663925631735414e-37
1.004260414898937359e+00 4.449134224938517020e-03 1.245681767178600163e-03 6.842229669095845253e-37 5.539315392569488404e-37
1.045007860508388786e+00 4.048470161441471496e-03 1.133471772890105910e-03 5.748857290815486826e-37 4.654044837352873176e-37
1.087408616652699944e+00 3.681697487892586409e-03 1.030870838001575820e-03 4.827234486619759612e-37 3.908125981187300484e-37
1.131529765714185176e+00 3.348303081885921611e-03 9.374879335518751045e-04 4.053637023372265022e-37 3.281746073574034362e-37
1.177441111914716121e+00 3.043741513726987147e-03 8.522213609396468888e-04 3.402493440169957741e-37 2.754606013820913765e-37
1.225215291753224411e+00 2.766036851377596823e-03 7.744895593461329462e-04 2.855073030984920238e-37 2.311463008770264072e-37
1.274927888924154873e+00 2.512887804214730941e-03 7.036373112211958538e-04 2.394987258586244406e-37 1.939028362572309153e-37
1.326657553898689779e+00 2.282479511538537242e-03 6.391323825341504528e-04 2.008687833847654829e-37 1.626285967172632203e-37
1.380486128357929720e+00 2.073202588172686454e-03 5.804905580103164684e-04 1.684735159057360178e-37 1.363935328229804255e-37
1.436498774674898726e+00 1.881915947839500960e-03 5.269506579479684479e-04 1.412105941949846482e-37 1.143251350498612135e-37
1.494784110650229314e+00 1.708205696809723170e-03 4.783072299799857657e-04 1.183549722632111570e-37 9.582006356496246805e-38
1.555434349714687192e+00 1.549988528799426529e-03 4.340128796330129722e-04 9.916463957913002177e-38 8.028423044959848128e-38
1.618545446820361278e+00 1.406001826050713331e-03 3.937059114023976699e-04 8.306064325887603329e-38 6.724742656561598775e-38
1.684217250251321740e+00 1.275150335012725311e-03 3.570737965791335078e-04 6.955954646784117605e-38 5.631720678738368277e-38
1.752553659593933943e+00 1.156422330622964385e-03 3.238083238659206003e-04 5.825106241479999483e-38 4.715979897540852582e-38
1.823662790116752586e+00 1.048341453614792156e-03 2.935468824623896724e-04 4.876138668383596767e-38 3.947699074044679931e-38
1.897657143820061121e+00 9.500261473856482560e-04 2.660294878450543757e-04 4.080318485958723302e-38 3.303490243344791075e-38
1.974653787425670215e+00 8.612499074810900769e-04 2.411352552718303542e-04 3.415793734064192228e-38 2.765192908673551813e-38
2.054774537588586636e+00 7.800735912597686270e-04 2.184214166453047657e-04 2.856809208719802431e-38 2.312767758984809943e-38
2.138146153623559087e+00 7.064608355285233307e-04 1.978134609074310346e-04 2.389066625173577097e-38 1.934123977542701884e-38
2.224900538051427734e+00 6.399367201697397272e-04 1.791686460418038238e-04 1.998361690090794312e-38 1.617700466028390001e-38
2.315174945282556962e+00 5.790768753725457005e-04 1.621531404503818790e-04 1.669777415506314844e-38 1.351837142903550688e-38
2.409112198767509927e+00 5.243514002501660672e-04 1.468129782298184278e-04 1.396197634943541058e-38 1.130250793278900656e-38
2.506860916958522534e+00 4.746618885420356040e-04 1.328854002109681109e-04 1.167116262165209193e-38 9.447291964464562909e-39
2.608575748439265762e+00 4.294667330235757961e-04 1.202325504364081877e-04 9.751124360294686443e-39 7.893022525740434935e-39
2.714417616594906768e+00 3.886667608655928292e-04 1.087938927322755007e-04 8.149136200471877235e-39 6.595577499818135150e-39
2.824553974209548013e+00 3.514581759338901456e-04 9.838192939345580972e-05 6.804548447881380009e-39 5.507421580032189859e-39
2.939159068393853769e+00 3.177166874061350572e-04 8.894389843993875705e-05 5.680069144528286466e-39 4.597486136826897374e-39
3.058414216262005603e+00 2.873924391839037377e-04 8.043849602919069485e-05 4.744619874422294576e-39 3.839786855412719402e-39
3.182508091794131744e+00 2.597877540625426434e-04 7.270978157569913704e-05 3.960462966273385203e-39 3.205062193934744734e-39
3.311637024338057511e+00 2.347984346658851102e-04 6.571294365358804719e-05 3.305400005886548265e-39 2.674825800224823585e-39
3.446005309222650581e+00 2.122357888811941644e-04 5.938885420631976762e-05 2.759042294387255781e-39 2.232438765366488862e-39
3.585825530974158237e+00 1.915991420256675190e-04 5.362516053888395352e-05 2.299917169954370208e-39 1.861166438163246934e-39
3.731318899646919540e+00 1.733142566084549315e-04 4.848277979072697954e-05 1.921274114770483867e-39 1.554199937379912434e-39
3.882715600800554778e+00 1.564477228034009688e-04 4.376873822042554263e-05 1.601459465812152440e-39 1.295550200845414542e-39
4.040255159677334618e+00 1.412851422011460135e-04 3.952242432553940545e-05 1.335507714805270983e-39 1.080303480441286637e-39
4.204186820155881854e+00 1.275619869331974868e-04 3.568026596697049729e-05 1.113455313522327575e-39 9.006096031733517664e-40
4.374769939080779935e+00 1.151737743728052893e-04 3.221003701917570731e-05 9.283535147857353862e-40 7.507948107275089613e-40
4.552274396591928785e+00 1.039554636663326945e-04 2.906898076788430585e-05 7.737647138251735175e-40 6.257070958254041295e-40
4.736981023102836197e+00 9.382230138750819565e-05 2.623127809012121278e-05 6.448726402198243695e-40 5.214100338931875365e-40
4.929182043603390184e+00 8.465363444722765504e-05 2.366473800192417211e-05 5.372964523958333923e-40 4.343792174160012566e-40
5.129181539990018024e+00 7.637864105709729124e-05 2.134740940272395563e-05 4.476559971440231955e-40 3.618530137486439729e-40
5.337295932154703770e+00 6.893154521786039638e-05 1.925948595047436562e-05 3.730826671111623596e-40 3.014953852991657026e-40
5.553854478593980737e+00 6.215293384193015932e-05 1.736363003465740977e-05 3.106300763272284974e-40 2.509996789112754038e-40
5.779199797329948041e+00 5.605546543085073862e-05 1.565619139499515279e-05 2.587040355075674449e-40 2.089982740592392511e-40
6.013688407967410221e+00 5.054731844276635336e-05 1.411401144809999638e-05 2.154197766954530031e-40 1.739925254063866221e-40
6.257691295744779225e+00 4.556859991435718588e-05 1.272057369366419918e-05 1.793299399590172604e-40 1.448123987187775282e-40
6.511594498471093395e+00 4.108405821621157725e-05 1.146471572172298779e-05 1.493014325496957216e-40 1.205300488153407602e-40
6.775799717277768863e+00 3.703489990279405862e-05 1.033098717974712799e-05 1.242807418186219707e-40 1.003012268650236603e-40
7.050724952151330882e+00 3.337789551742206037e-05 9.307413031935987048e-06 1.034311753590265980e-40 8.344941269445429075e-41
7.336805163252651418e+00 3.007497499347838585e-05 8.383209211211303493e-06 8.605827486195547419e-41 6.941111969434174532e-41
7.634492959068902351e+00 2.708601626432419516e-05 7.547860038033093859e-06 7.156754452716741753e-41 5.770859746069230587e-41
7.944259312487009339e+00 2.440281396189166363e-05 6.796850164330250679e-06 5.953920368633470543e-41 4.799068363640644257e-41
8.266594305921472596e+00 2.199106841475801679e-05 6.121094502487919247e-06 4.954654087041350935e-41 3.991578453085332350e-41
8.602007906675453341e+00 1.980399731481303626e-05 5.509484943596270170e-06 4.120144628808295351e-41 3.317865166414864322e-41
8.951030773761777581e+00 1.782895543460332358e-05 4.957542994562612276e-06 3.424990573476750386e-41 2.756914134051759022e-41
9.314215097460413872e+00 1.606825579043675718e-05 4.463762758106035126e-06 2.850448229358921503e-41 2.292782349263175351e-41
9.692135472940604402e+00 1.446069208160869043e-05 4.014969799034096382e-06 2.368657551859882495e-41 1.904343065573620493e-41
1.008538980932985929e+01 1.300952419469229698e-05 3.609968740443207720e-06 1.967604922379238167e-41 1.581130394926068550e-41
1.049460027566805920e+01 1.171061059696221932e-05 3.246798740355457447e-06 1.635445979644033744e-41 1.313317361486023938e-41
1.092041428524320068e+01 1.055051421643458544e-05 2.921612457467905539e-06 1.360578292807073159e-41 1.091557331174335249e-41
1.136350551986625135e+01 9.477342039196698427e-06 2.623398590774869889e-06 1.128374296686601809e-41 9.049031376862793771e-42
1.182457499570538495e+01 8.532754527201109095e-06 2.358987516066457588e-06 9.380685963023659228e-42 7.515484195737736730e-42
1.230435217236615664e+01 7.683370575628848781e-06 2.121171473158345482e-06 7.799804263770946470e-42 6.242017045608283754e-42
1.280359610697198924e+01 6.914117409579975688e-06 1.906257612332581813e-06 6.480742178433109252e-42 5.180860792471381666e-42
1.332309665507107788e+01 6.215234716356813850e-06 1.711636772337755482e-06 5.378661349615056880e-42 4.295762569082482339e-42
1.386367572026962947e+01 5.586639798779943449e-06 1.536590881384755071e-06 4.463691210099950447e-42 3.561269436000487829e-42
1.442618855456828975e+01 5.025410120207554900e-06 1.379930735480845055e-06 3.707297206379687820e-42 2.953855519884095186e-42
1.501152511145938639e+01 4.518770664150120639e-06 1.238723996690039527e-06 3.077719357805787917e-42 2.448865280624387539e-42
1.562061145392529937e+01 4.063437533767725695e-06 1.111798191801093049e-06 2.555198855728510469e-42 2.030005865697533701e-42
1.625441121956602331e+01 3.652708860859932137e-06 9.974613043551283089e-07 2.120563903355822340e-42 1.682021190214833241e-42
1.691392714517340679e+01 3.283374867892944434e-06 8.946743458724564184e-07 1.759772107232818328e-42 1.393403746968924437e-42
1.760020265316455124e+01 2.951015593064240162e-06 8.022415005369935875e-07 1.460137678572836266e-42 1.153970036579153514e-42
1.831432350238404894e+01 2.651913827100987338e-06 7.191240241639549089e-07 1.211316760435105503e-42 9.553749897838912227e-43
1.905741950588666356e+01 2.383359996479677789e-06 6.444995687828654919e-07 1.004984399763778222e-42 7.908563148651708249e-43
1.983066631841861849e+01 2.141325933408569825e-06 5.773482033907132281e-07 8.334900747043913287e-43 6.543361844949496879e-43
2.063528729642485260e+01 1.924392269996372017e-06 5.171377912506571308e-07 6.914476259943455423e-43 5.413754429537350059e-43
2.147255543352562768e+01 1.728036852830758344e-06 4.628139178779153658e-07 5.730976000206863275e-43 4.474855014273499686e-43
2.234379537452397102e+01 1.552211627111372842e-06 4.141457021559744063e-07 4.751572526745008747e-43 3.698756642033405239e-43
2.325038551113085461e+01 1.393932693448933832e-06 3.704138035047554276e-07 3.938322881430582915e-43 3.055650118037530720e-43
2.419376016272352103e+01 1.252123591018697797e-06 3.312248339238391216e-07 3.265109209947046139e-43 2.524097960759625138e-43
2.517541184558695377e+01 1.124129690986340097e-06 2.959576113200429030e-07 2.705266569406617711e-43 2.083282410887384202e-43
2.619689363422923378e+01 1.009640997830248563e-06 2.644012689026743884e-07 2.242318708238019101e-43 1.719390761033630462e-43
2.725982161850587460e+01 9.063547898631640752e-07 2.360181436580895218e-07 1.857521287023133177e-43 1.417865408442365714e-43
2.836587746044123293e+01 8.134818518660610596e-07 2.105480433058541848e-07 1.538365333079909644e-43 1.168496393179686122e-43
2.951681105479187650e+01 7.301797376968580191e-07 1.877313595315950791e-07 1.274071224411162489e-43 9.625689132136756929e-44
3.071444329756090141e+01 6.553408270253435164e-07 1.672766230638238054e-07 1.055006749925533178e-43 7.924466772261207208e-44
3.196066896684400405e+01 5.880059250662492233e-07 1.489248682954417728e-07 8.732970685571321949e-44 6.518655703929007211e-44
3.325745972056418509e+01 5.276259880861978566e-07 1.324991757378625503e-07 7.228918128371722402e-44 5.359276190839447935e-44
3.460686721583880399e+01 4.734828681355047340e-07 1.178039872593989098e-07 5.983814905015392447e-44 4.403374972422262661e-44
3.601102635491312753e+01 4.247571471180558261e-07 1.046290770161909601e-07 4.951113272589542232e-44 3.614403236185039571e-44
3.747215866279661611e+01 3.806309490265115911e-07 9.277569417786610417e-08 4.091584730509884016e-44 2.961747961255511902e-44
3.899257580194544204e+01 3.414850708326532190e-07 8.224987473933181286e-08 3.385175649377228402e-44 2.427344572772466989e-44
4.057468322955131157e+01 3.064323767438280853e-07 7.285486926053292260e-08 2.801066662530660562e-44 1.987927001839635728e-44
4.222098400322389722e+01 2.746213666944951633e-07 6.440162552929402697e-08 2.314347842973525378e-44 1.624674584017670990e-44
4.393408274108661260e+01 2.464865407602802839e-07 5.691802703344486352e-08 1.915115149325750234e-44 1.328162581586896332e-44
4.571668974255220519e+01 2.206640454871770357e-07 5.014773309184385299e-08 1.580194237589652249e-44 1.082100771393239740e-44
4.757162527629650128e+01 1.980363758276571457e-07 4.419365725659573237e-08 1.307170015628145323e-44 8.824668714601004628e-45
4.950182404221533261e+01 1.773129348453994109e-07 3.882129520454528018e-08 1.078478295211381036e-44 7.172494070497399827e-45
5.151033981442348875e+01 1.589060717299505473e-07 3.406503535747014717e-08 8.905774651013458095e-45 5.826196163741597153e-45
5.360035027264090957e+01 1.423879764288970220e-07 2.983188320562337353e-08 7.351998227692743550e-45 4.724827429085750516e-45
5.577516202961113123e+01 1.275468221721102790e-07 2.606511698199544422e-08 6.066505683782239225e-45 3.824392243618802269e-45
5.803821586250425213e+01 1.142642383558674327e-07 2.272429468791028733e-08 5.005701544533062892e-45 3.090465756214181349e-45
6.039309215658282426e+01 1.023195429998017171e-07 1.975663043334078593e-08 4.127901635157975399e-45 2.491757213106203996e-45
6.284351656974125433e+01 9.166279897051065754e-08 1.713540861766750797e-08 3.405160574982616769e-45 2.005803912725031477e-45
6.539336592688218275e+01 8.205221914957081106e-08 1.480994727181920691e-08 2.806281750096646113e-45 1.610086478741312792e-45
6.804667435345474757e+01 7.346317798692138574e-08 1.276033853192829002e-08 2.312931230624439559e-45 1.289748161646430451e-45
7.080763965785783398e+01 6.576856711674301984e-08 1.095454359725018323e-08 1.905953667354987355e-45 1.030597481178673572e-45
7.368062997280773629e+01 5.887129797398769818e-08 9.366502249120276629e-09 1.570201717954626398e-45 8.213401816167038734e-46
7.667019066617557144e+01 5.269855684042000058e-08 7.974254888794153795e-09 1.293509760389770852e-45 6.528444494673547514e-46
7.978105153222951174e+01 4.714589681892270707e-08 6.753749145631008098e-09 1.064844097240618776e-45 5.171964788060001842e-46
8.301813427465896211e+01 4.219399833437578491e-08 5.691389966170084487e-09 8.769239264061922232e-46 4.086965456065039923e-46
8.638656029321826679e+01 3.773194862570088889e-08 4.765355030015585076e-09 7.215304347767160299e-46 3.217583829269364213e-46
8.989165878631159501e+01 3.375961031494025737e-08 3.965602706142605663e-09 5.940140632749685115e-46 2.526716264955657530e-46
9.353897518233537767e+01 3.019974945249396888e-08 3.275709704459695014e-09 4.889659586001990389e-46 1.977841326157837906e-46
9.733427991312039751e+01 2.700852578961659192e-08 2.683509518546418984e-09 4.024210762660233306e-46 1.543215831774375907e-46
1.012835775433512566e+02 2.416673679939990636e-08 2.179250188111359424e-09 3.314234117317801811e-46 1.201253752978106275e-46
1.053931162704090383e+02 2.160175057827073993e-08 1.750329285103911993e-09 2.726976070564887296e-46 9.316545162991843481e-47
1.096693978096662505e+02 1.932254753976506358e-08 1.390371787932552159e-09 2.246064159118369905e-46 7.214037271371510909e-47
1.141191876808724146e+02 1.728791059636072656e-08 1.090228628307086539e-09 1.850945166858696234e-46 5.576973932972426205e-47
1.187495259119069715e+02 1.545268443699794066e-08 8.414613653974851913e-10 1.524284559975815484e-46 4.301832161285105890e-47
1.235677381768307299e+02 1.382850631613435876e-08 6.389534002179751187e-10 1.257386487028625605e-46 3.320625327102006853e-47
1.285814473858610256e+02 1.236878071973786715e-08 4.754135662814258888e-10 1.037101417060287581e-46 2.562907284023820479e-47
1.337985857456033330e+02 1.106377147274105598e-08 3.456356536486640240e-10 8.558755085325279566e-47 1.980964583777713723e-47
1.392274073086229578e+02 9.897589302817820665e-09 2.445807347824214761e-10 7.067813074086742463e-47 1.535085932378524020e-47
1.448765010322105979e+02 8.849710582189648552e-09 1.675981595623376967e-10 5.836055678029769233e-47 1.192913474311190853e-47
1.507548043670001334e+02 7.919816419564353576e-09 1.108113435162160938e-10 4.826134217392841489e-47 9.318135788504369656e-48
1.568716173969412466e+02 7.087928765455183146e-09 7.033088115742221809e-11 3.993016351508267395e-47 7.313040331641411102e-48
1.632366175529932661e+02 6.345473988253126687e-09 4.288043700047346889e-11 3.306378966477149597e-47 5.768821615044397377e-48
1.698598749238223888e+02 5.679623819488770054e-09 2.550373621937322341e-11 2.738082344443460941e-47 4.569289866048551142e-48
1.767518681877242273e+02 5.086089614086139340e-09 1.568717571694319314e-11 2.269201255268618284e-47 3.633353492395030119e-48
1.839235011909755428e+02 4.553640052956719896e-09 1.121211407391729722e-11 1.880434794933145714e-47 2.894396864629666437e-48
1.913861201988485448e+02 4.077720935232170558e-09 1.025307363975649795e-11 1.558594861315884106e-47 2.307119993826967942e-48
1.991515318465745565e+02 3.652061375602998459e-09 1.131055420576352885e-11 1.291852321486008761e-47 1.836849316842924976e-48
2.072320218186640659e+02 3.271409014237690441e-09 1.321602971327135967e-11 1.070676200870900132e-47 1.458500592222957786e-48
2.156403742861289174e+02 2.930310906550310368e-09 1.511228174273165817e-11 8.869879325551787680e-48 1.153342078747071228e-48
2.243898921323639115e+02 2.624352538902801252e-09 1.643019240076214966e-11 7.343440760145743223e-48 9.076375657777183718e-49
2.334944179996852824e+02 2.350127665878817642e-09 1.686605936186204843e-11 6.076002410264623359e-48 7.110151105402079421e-49
2.429683561898209518e+02 2.104503974421600106e-09 1.633208059763604621e-11 5.024683682027543143e-48 5.550383514293348462e-49
2.528266954530079147e+02 1.883990569443961004e-09 1.491115281303127082e-11 4.152148231384662704e-48 4.324115173021699860e-49
2.630850327017436712e+02 1.686882873767615614e-09 1.282135889310245266e-11 3.430721844499496828e-48 3.370547804423090200e-49
2.737595976867171998e+02 1.509639676752221107e-09 1.033625287494701132e-11 2.832703912251600886e-48 2.631787089295296668e-49
2.848672786739514322e+02 1.351348716131883816e-09 7.763620370689457831e-12 2.339643656504531528e-48 2.060887558999831572e-49
2.964256491637881936e+02 1.208730706184904132e-09 5.368354851208061958e-12 1.931233368861555315e-48 1.614355840690782245e-49
3.084529956939841782e+02 1.082099571103485162e-09 3.362672102517569683e-12 1.596212160280253791e-48 1.261843255363683838e-49
3.209683467709033948e+02 9.677722291398538271e-10 1.857856573656869887e-12 1.318488729073479530e-48 9.764670369420090280e-50
3.339915029745851029e+02 8.656239954725471564e-10 8.800452482062797996e-13 1.089701306664615549e-48 7.438879341370683459e-50
3.475430682853072994e+02 7.746485584386747810e-10 3.685660071867129071e-13 9.014365341244978021e-49 5.553179256555252406e-50
3.616444826812160613e+02 6.929406367398964810e-10 2.045930711016485251e-13 7.454710927078725074e-49 4.058168745298879886e-50
3.763180560585896615e+02 6.200083179488839457e-10 2.458600351550992169e-13 6.166376359921627464e-49 2.932928696581569399e-50
3.915870035283998050e+02 5.547781646125714679e-10 3.594833349684841214e-13 5.099882075362796800e-49 2.144832171950870741e-50
4.074754821450217719e+02 4.962344181105455604e-10 4.490197837271147393e-13 4.214792070885918440e-49 1.639265226815250859e-50
4.240086291251901116e+02 4.438654067431903850e-10 4.675045193548145927e-13 3.482069803619187510e-49 1.339389284695773477e-50
4.412126016176791268e+02 3.970349298113824644e-10 4.139481208406595604e-13 2.876138309167877693e-49 1.155519731780412069e-50
4.591146180866149393e+02 3.554149286069916654e-10 3.176534132307114970e-13 2.377417373123699772e-49 1.008059923473028362e-50
4.777430013739027572e+02 3.176098936432864316e-10 2.150051377668149521e-13 1.961581251288355669e-49 8.438315856020082602e-51
4.971272235088939055e+02 2.842861564563534620e-10 1.334042664175630289e-13 1.621619397556184754e-49 6.543700067880409296e-51
5.172979523361816518e+02 2.542516573349911337e-10 8.078515362093914896e-14 1.339582603053225796e-49 4.597442869288675591e-51
5.382871000353076170e+02 2.272879196149401215e-10 5.093758582343531039e-14 1.106180397304269125e-49 2.958371922676225206e-51
5.601278736091270503e+02 2.033663851191845174e-10 3.335086052968670788e-14 9.144035635822880923e-50 1.884347226399470322e-51
5.828548274207264512e+02 1.816569651565490446e-10 2.200688009103687320e-14 7.544906737513542248e-50 1.378008646936848967e-51
6.065039178619965696e+02 1.624347994740730930e-10 1.722976870991040607e-14 6.232501305934742800e-50 1.230981027927439307e-51
6.311125602403656103e+02 1.452494208800624925e-10 1.999411484236874351e-14 5.148163070552381971e-50 1.163119330563278074e-51
6.567196879736877690e+02 1.298422916366618134e-10 2.652824987528731766e-14 4.250504803391876800e-50 1.005268828165807384e-51
6.833658141869332212e+02 1.160821487904351565e-10 2.908126437174249784e-14 3.509202982541644417e-50 7.587789858176603970e-52
7.110930958081479503e+02 1.037890646518092499e-10 2.273170855356742604e-14 2.897258408734062381e-50 5.176541325698350532e-52
7.399454002650702478e+02 9.277702144173934754e-11 1.080962282425841652e-14 2.391736044480274660e-50 3.492379414287458119e-52
7.699683748879407403e+02 8.291609631717969633e-11 1.951926492785296268e-15 1.974431732319142366e-50 2.488034297689086857e-52
8.012095191283035547e+02 7.413086252679107188e-11 1.199761410537549086e-15 1.630823432311965363e-50 1.850976563820767712e-52
8.337182597080467303e+02 6.627494827190204246e-11 5.188684473292909456e-15 1.346822429953844943e-50 1.492495667633538118e-52
8.675460288175950154e+02 5.921828088093882770e-11 7.167562618970357820e-15 1.111316931629979721e-50 1.394741420437386596e-52
9.027463454869495081e+02 5.293964992016734354e-11 4.987174257902302262e-15 9.174061671324045770e-51 1.287328908549253401e-52
9.393749002583358561e+02 4.730446450326501388e-11 1.810794427306057341e-15 7.570352505490001890e-51 9.012836561763548097e-53
9.774896432943966147e+02 4.226299739937007901e-11 3.996463287190019238e-16 6.247072958366279183e-51 4.339042741488240886e-53
1.017150876061345798e+03 3.778204192082865048e-11 4.469815106675367032e-16 5.158716099726688382e-51 2.813080776475633433e-53
1.058421346732128768e+03 3.376118004436927430e-11 9.848372679178059236e-16 4.257596467616925963e-51 3.869074533443088113e-53
1.101366349460521178e+03 3.016359664635450772e-11 1.465200772028244695e-15 3.512788541595398634e-51 3.788043308776049495e-53
1.146053827683226928e+03 2.697855858098280601e-11 1.058851434110023670e-15 2.901561010869091919e-51 2.096434262395253984e-53
1.192554481613437474e+03 2.408434301474572434e-11 1.314833289886670426e-16 2.392173889189811112e-51 1.001395508309824311e-53
1.240941880095874922e+03 2.151592880481587067e-11 2.017445625186076435e-16 1.973999369912677474e-51 9.401800888774671390e-54
1.291292577000307574e+03 1.924086761119131709e-11 7.816563872901803782e-16 1.630406257584595389e-51 1.100191709679451537e-53
1.343686232337705860e+03 1.718316453306091005e-11 4.815202106291561575e-16 1.344488664513932160e-51 9.458440630272328376e-54
1.398205738290609816e+03 1.535307652630054952e-11 2.048101207029627135e-17 1.109494738224087079e-51 3.638043088556416628e-54
1.454937350357142350e+03 1.372311690923708715e-11 9.868969077218871347e-17 9.160296814531254605e-52 2.603501799151598052e-54
1.513970823816117672e+03 1.224533248181744419e-11 2.343230053003921493e-16 7.547849563199204288e-52 5.278036371486584270e-54
1.575399555729195072e+03 1.095059160965950400e-11 1.383111912939770289e-16 6.233663364059112670e-52 2.529829988352138727e-54
1.639320732704682541e+03 9.778810669561046747e-12 5.500342980845739735e-18 5.141261003904005293e-52 8.176320259602111910e-55
1.705835484656795643e+03 8.733873477378455473e-12 1.513313247689746576e-16 4.240987946407158909e-52 1.918246064700449385e-54
1.775049044803661445e+03 7.796938841243018758e-12 1.117138655995626516e-16 3.495920744428549623e-52 1.464952701159157240e-54
1.847070916157142392e+03 6.971963448027993022e-12 8.008373811688540483e-18 2.887465835720090475e-52 2.613707508755209474e-55
1.922015044767936388e+03 6.224672404814578647e-12 7.045797068366803973e-17 2.380841844704444514e-52 1.044370699248647865e-54
2.000000000000000227e+03 5.559178658607395658e-12 3.650468894934035141e-17 1.963526941012652067e-52 5.958932917131717698e-55
