1.000000000000000056e-01 5.105605357255691423e-01 1.438074104560162492e-01 8.297399058760815085e-33 6.605836539234911176e-33
1.040574581059786063e-01 4.729512865259965504e-01 1.006769450508960551e-01 6.999291254035728527e-33 5.193723722710760579e-33
1.082795458747749379e-01 4.389372115830929566e-01 7.703955953926508449e-02 5.937819800528106490e-33 4.237757143039722640e-33
1.126729430859878256e-01 4.104413564404548187e-01 7.359368150400934228e-02 5.116677239534800856e-33 3.704626881207107505e-33
1.172446005484748810e-01 3.870315069976540956e-01 8.723676311719803789e-02 4.485420650450633205e-33 3.456711629215017454e-33
1.220017510972512403e-01 3.665370058995508495e-01 1.103027215944197836e-01 3.967448986733321430e-33 3.304011242762631294e-33
1.269519210365825101e-01 3.464645255400675139e-01 1.274658286339522550e-01 3.494782466832944973e-33 3.068656176650031502e-33
1.321029420473768812e-01 3.248098019259913483e-01 1.236229029977286564e-01 3.028198862179468883e-33 2.666821080787965701e-33
1.374629635777143699e-01 3.011846533458955588e-01 9.925834584253799553e-02 2.569985264181912700e-33 2.157357964305341352e-33
1.430404657361168119e-01 2.771512839732488409e-01 7.084758552725345382e-02 2.153153530878293647e-33 1.683436315621498008e-33
1.488442727079564154e-01 2.557223985238363806e-01 5.381556237671767523e-02 1.815550230788168888e-33 1.356541854786651595e-33
1.548835667162303253e-01 2.378004324753712484e-01 5.197674259725758306e-02 1.559250708725161962e-33 1.184546204696189611e-33
1.611679025487867956e-01 2.232991933317112210e-01 6.075744849934427982e-02 1.364685163625085934e-33 1.101559825910027967e-33
1.677072226749882211e-01 2.096687796117943370e-01 6.871815358056064527e-02 1.193876779362308330e-33 1.012635065330421934e-33
1.745118729757261233e-01 1.952032068317104407e-01 6.482579469893166857e-02 1.026312459542375430e-33 8.692988978938295284e-34
1.815926191116747912e-01 1.798725695726856033e-01 5.150039060590164836e-02 8.654272480222183276e-34 7.008155959955647824e-34
1.889606635556803360e-01 1.654599353168822728e-01 4.057056445974659836e-02 7.285347085991178667e-34 5.668621155045066479e-34
1.966276633162312992e-01 1.533263988180791626e-01 3.804595103155476721e-02 6.231459751983777137e-34 4.885172977620300302e-34
2.046057483800520493e-01 1.428796043401859284e-01 4.063348373795876850e-02 5.395656261466978499e-34 4.396161052406726609e-34
2.129075409029966559e-01 1.330168152833531292e-01 4.075013197618936739e-02 4.655066640434685749e-34 3.862826522556949713e-34
2.215461751796049816e-01 1.226127066841670721e-01 3.548855784691757470e-02 3.947084156558769447e-34 3.215764196636040438e-34
2.305353184229154140e-01 1.129270327252406142e-01 2.993073456145671496e-02 3.338645170557353485e-34 2.656432194344281863e-34
2.398891923874096332e-01 1.043046490033622264e-01 2.787491412583939857e-02 2.846363705527389408e-34 2.275285878484487724e-34
2.496225958692991909e-01 9.664375023838853163e-02 2.759729778833672903e-02 2.442500704347615120e-34 1.989037151312917022e-34
2.597509281197523667e-01 8.927692021054814409e-02 2.578482551984975085e-02 2.083923309627901700e-34 1.699775174422941433e-34
2.702902132081018705e-01 8.219418261030395079e-02 2.273645649844107872e-02 1.766562849629963422e-34 1.423175908260227372e-34
2.812571253735808852e-01 7.571653030392762329e-02 2.069698063872335569e-02 1.500739423856307538e-34 1.206480541703992678e-34
2.926690154056936222e-01 6.986374027580771751e-02 1.967246717683443849e-02 1.280042802838518845e-34 1.037842634937636341e-34
3.045439380949597763e-01 6.438019418915472136e-02 1.822156633428796343e-02 1.089134205840705295e-34 8.836321454398313313e-35
3.169006807974601991e-01 5.920578555175225882e-02 1.641916728283732488e-02 9.234579731846920901e-35 7.450344677206217366e-35
3.297587931583780829e-01 5.445658135248832021e-02 1.515590287708385234e-02 7.840703098568650903e-35 6.335654372486500022e-35
3.431386180415599840e-01 5.010705606491717978e-02 1.410391271990794546e-02 6.663434175126550764e-35 5.400256527334925194e-35
3.570613237140302099e-01 4.604617905772020320e-02 1.285792474044680431e-02 5.649995554330070378e-35 4.568071076552442018e-35
3.715489373363796699e-01 4.229774810450673966e-02 1.179845401116098348e-02 4.790412345163440715e-35 3.872922699919129466e-35
3.866243798120120312e-01 3.885801820254159572e-02 1.089364147163505298e-02 4.063570904305854533e-35 3.289666206995764476e-35
4.023115020503840178e-01 3.564587896120671728e-02 9.962077811157505486e-03 3.440372356760448969e-35 2.782787603136974128e-35
4.186351227016115728e-01 3.269880694680749045e-02 9.143432864305281807e-03 2.913340326489153098e-35 2.357133963842753546e-35
4.356210674221416834e-01 2.999334034664174684e-02 8.395989088073797790e-03 2.467088062452965789e-35 1.996571517654847839e-35
4.532962097336118990e-01 2.748346190624127022e-02 7.685380326936553687e-03 2.086756783854658943e-35 1.688398923597299919e-35
4.716885135395421091e-01 2.518995395963325584e-02 7.049091229451848531e-03 1.765767677080738767e-35 1.428959907866363640e-35
4.908270773671222220e-01 2.306239441863641715e-02 6.452517697598662491e-03 1.492390679909216940e-35 1.207722699711782392e-35
5.107421804040924718e-01 2.111606462215093183e-02 5.908678048207656290e-03 1.261506947065025175e-35 1.020926347035036118e-35
5.314653304035502623e-01 1.932378230640225542e-02 5.407265300751977651e-03 1.065779014452468548e-35 8.625404214741313599e-36
5.530293135324749754e-01 1.767676730356748313e-02 4.946577424594603145e-03 9.000836686250845983e-36 7.284597818064862863e-36
5.754682462428364342e-01 1.616304766910389018e-02 4.523267717783632964e-03 7.598237707664649017e-36 6.149654241278070835e-36
5.988176292473492701e-01 1.476744038364674952e-02 4.133433619029508801e-03 6.409044912831664396e-36 5.187785494342284134e-36
6.231144036852747092e-01 1.349575406566835313e-02 3.777450340529804780e-03 5.407730685568333498e-36 4.377206095553751296e-36
6.483970095671233169e-01 1.232837322616937674e-02 3.450682921353142706e-03 4.560876374036601176e-36 3.691719863368505426e-36
6.747054465907273979e-01 1.126054894947381077e-02 3.151511991439358198e-03 3.846282584943031435e-36 3.113119541834043676e-36
7.020813374249019745e-01 1.027481023664678431e-02 2.875989078420907157e-03 3.240279611945426520e-36 2.622852859785753198e-36
7.305679935608118125e-01 9.374432107237802222e-03 2.624081368064820272e-03 2.729499598661240787e-36 2.209460218707444704e-36
7.602104838352301552e-01 8.546951449639681939e-03 2.392862630913591276e-03 2.297607642972543968e-36 1.860059710927043547e-36
7.910557057341018883e-01 7.798689015740149777e-03 2.182971470890096577e-03 1.935751327465824605e-36 1.566908527690972232e-36
8.231524595892166785e-01 7.106525059467128959e-03 1.989447292819242034e-03 1.628618668720362298e-36 1.318401013260202613e-36
8.565515257853815179e-01 6.477391633518771175e-03 1.813203834676403508e-03 1.370649010931722989e-36 1.109514434959801332e-36
8.913057451002438514e-01 5.897247081877316117e-03 1.651132062717128183e-03 1.152149758423221435e-36 9.327680794520194536e-37
9.274701023038669501e-01 5.373213322368172035e-03 1.504182796281200657e-03 9.693161146254905043e-37 7.846672681509421496e-37
9.651018131503231734e-01 4.892868795072336831e-03 1.369630662952654732e-03 8.150014628846653621e-37 6.597220876637989685e-37
1.004260414898937359e+00 4.449137170207177923e-03 1.245795574834479775e-03 6.842352217852918208e-37 5.539822924109867238e-37
1.045007860508388786e+00 4.048494141856824602e-03 1.133595005511176847e-03 5.748980024789370160e-37 4.654516971266103348e-37
1.087408616652699944e+00 3.681721044955140083e-03 1.030992221554155337e-03 4.827347850141095433e-37 3.908557104489950732e-37
1.131529765714185176e+00 3.348310175787919552e-03 9.375989756590138568e-04 4.053732624089404192e-37 3.282131141328919974e-37
1.177441111914716121e+00 3.043749753378194572e-03 8.523312779041378618e-04 3.402579522299905461e-37 2.754955108460000207e-37
1.225215291753224411e+00 2.766046065039240356e-03 7.745983050862730165e-04 2.855151683167002214e-37 2.311780608270381190e-37
1.274927888924154873e+00 2.512890211908747323e-03 7.037408269796731168e-04 2.395053408510693622e-37 1.939312101950826309e-37
1.326657553898689779e+00 2.282483382754764163e-03 6.392349826259652139e-04 2.008748616891169754e-37 1.626544295271062086e-37
1.380486128357929720e+00 2.073214048084338901e-03 5.805954540695907858e-04 1.684794907876042015e-37 1.364174019653785012e-37
1.436498774674898726e+00 1.881951813563773621e-03 5.270666895596547901e-04 1.412168836900180328e-37 1.143475928517047987e-37
1.494784110650229314e+00 1.708212944327139240e-03 4.784066081231253833e-04 1.183596926387691000e-37 9.583955040607108136e-38
1.555434349714687192e+00 1.550008874528760678e-03 4.341174355873298005e-04 9.916933301260359391e-38 8.030227961639521299e-38
1.618545446820361278e+00 1.406021820051815653e-03 3.938086168544147644e-04 8.306490040144961741e-38 6.726379725482088606e-38
1.684217250251321740e+00 1.275159951384353561e-03 3.571694048321458420e-04 6.956311681912654975e-38 5.633178788485967959e-38
1.752553659593933943e+00 1.156451522648733283e-03 3.239125528966420287e-04 5.825483768588389177e-38 4.717350710116188775e-38
1.823662790116752586e+00 1.048352142729903859e-03 2.936397823887192397e-04 4.876435610745191687e-38 3.948900648928665284e-38
1.897657143820061121e+00 9.500372152139373132e-04 2.661209703720728492e-04 4.080590270276612452e-38 3.304581692209216042e-38
1.974653787425670215e+00 8.612613347294418567e-04 2.412253380657144693e-04 3.416041159291495504e-38 2.766183103179955532e-38
2.054774537588586636e+00 7.800914705375478451e-04 2.185132602063131612e-04 2.857045206170227411e-38 2.313675274159037069e-38
2.138146153623559087e+00 7.064783691112906530e-04 1.979035278385096416e-04 2.389280326575967970e-38 1.934945782333800988e-38
2.224900538051427734e+00 6.399488830241523802e-04 1.792543393634099069e-04 1.998546883535719080e-38 1.618437121192564990e-38
2.315174945282556962e+00 5.790916247927594155e-04 1.622386136872089476e-04 1.669947753745050929e-38 1.352506329103784171e-38
2.409112198767509927e+00 5.243679218521844071e-04 1.468978486637793066e-04 1.396356193913541262e-38 1.130860521678394753e-38
2.506860916958522534e+00 4.746784166623119910e-04 1.329687520266081867e-04 1.167260399663487455e-38 9.452815482839590119e-39
2.608575748439265762e+00 4.294827187641267951e-04 1.203141093430137697e-04 9.752422769087599291e-39 7.898015095220793090e-39
2.714417616594906768e+00 3.886792510563395731e-04 1.088721392135002218e-04 8.150276883106935538e-39 6.600063654811529446e-39
2.824553974209548013e+00 3.514733940396747372e-04 9.846011677590581516e-05 6.805610552566514907e-39 5.511505959026598144e-39
2.939159068393853769e+00 3.177315881641680018e-04 8.902044425978801294e-05 5.681029307570286318e-39 4.601178377756205351e-39
3.058414216262005603e+00 2.874047705933725880e-04 8.051226854393305323e-05 4.745468337744628502e-39 3.843107738281982751e-39
3.182508091794131744e+00 2.598020347278320505e-04 7.278315087558429465e-05 3.961247750869253236e-39 3.208080094937902520e-39
3.311637024338057511e+00 2.348124107293290887e-04 6.578474734578796236e-05 3.306109232154965914e-39 2.677553115294817165e-39
3.446005309222650581e+00 2.122511461560889112e-04 5.946000395628572822e-05 2.759694747801523824e-39 2.234913990119266433e-39
3.585825530974158237e+00 1.916125173439876849e-04 5.369387186987867777e-05 2.300495874443789738e-39 1.863391796545407437e-39
3.731318899646919540e+00 1.733271698047706972e-04 4.854995143624746723e-05 1.921796201377760343e-39 1.556210929036293832e-39
3.882715600800554778e+00 1.564605238233797218e-04 4.383449761321707157e-05 1.601931777572028120e-39 1.297366401489884524e-39
4.040255159677334618e+00 1.412976591732876760e-04 3.958672494844346266e-05 1.335934187625827754e-39 1.081943414778119192e-39
4.204186820155881854e+00 1.275742226995337631e-04 3.574312693615771109e-05 1.113840308450229543e-39 9.020900558480609160e-40
4.374769939080779935e+00 1.151857366774067416e-04 3.227148827305618647e-05 9.287010683832471983e-40 7.521312564937622428e-40
4.552274396591928785e+00 1.039673802588978721e-04 2.912913234839220288e-05 7.740804530599541648e-40 6.269149464974084575e-40
4.736981023102836197e+00 9.383413279885772227e-05 2.629016004868109941e-05 6.451569133247517914e-40 5.224993992637760575e-40
4.929182043603390184e+00 8.466498121379112743e-05 2.372215148635104862e-05 5.375532437473732455e-40 4.353622959131577725e-40
5.129181539990018024e+00 7.638971368406177569e-05 2.140349059710743154e-05 4.478875502997555447e-40 3.627397534242109044e-40
5.337295932154703770e+00 6.894235014995052965e-05 1.931427140239744831e-05 3.732914944899759245e-40 3.022953440979914399e-40
5.553854478593980737e+00 6.216303671388640113e-05 1.741688689202595939e-05 3.108170357492901687e-40 2.517197121023614567e-40
5.779199797329948041e+00 5.606530622001337566e-05 1.570818358287702867e-05 2.588726050506276893e-40 2.096475202031757940e-40
6.013688407967410221e+00 5.055695091227761209e-05 1.416478516209906099e-05 2.155717789746027896e-40 1.745778761515814058e-40
6.257691295744779225e+00 4.557806165077948917e-05 1.277016548967774897e-05 1.794668977031816437e-40 1.453399515605972043e-40
6.511594498471093395e+00 4.109330687296243993e-05 1.151312703791790638e-05 1.494250242960507075e-40 1.210056877805736090e-40
6.775799717277768863e+00 3.704422985174514010e-05 1.037839288957611238e-05 1.243926482560514568e-40 1.007303488034588510e-40
7.050724952151330882e+00 3.338698998960240968e-05 9.353664599723261874e-06 1.035319530281310340e-40 8.383601224240248430e-41
7.336805163252651418e+00 3.008383767760684156e-05 8.428323657618212925e-06 8.614905307842952052e-41 6.975936815947600350e-41
7.634492959068902351e+00 2.709465087416398500e-05 7.591851126750323865e-06 7.164926693506840968e-41 5.802216525021668281e-41
7.944259312487009339e+00 2.441122834366306687e-05 6.839752668192029114e-06 5.961278913878004260e-41 4.827307796843600741e-41
8.266594305921472596e+00 2.199923612412797182e-05 6.162922736501491995e-06 4.961270799092197287e-41 4.017004449355945073e-41
8.602007906675453341e+00 1.981185272424725911e-05 5.550207768416865614e-06 4.126093621852511295e-41 3.340748159892440830e-41
8.951030773761777581e+00 1.783675706248959557e-05 4.997311363786992102e-06 3.430359124095820842e-41 2.777521876144768159e-41
9.314215097460413872e+00 1.607587517030311755e-05 4.502554451944741520e-06 2.855279147466738593e-41 2.311338576043965716e-41
9.692135472940604402e+00 1.446805279342360179e-05 4.052734543850199808e-06 2.373000969809931139e-41 1.921035165227182646e-41
1.008538980932985929e+01 1.301661283559796979e-05 3.646710319939315084e-06 1.971506826355767680e-41 1.596138809090761092e-41
1.049460027566805920e+01 1.171762421537909776e-05 3.282654046153129888e-06 1.638963170842426321e-41 1.326826408548819506e-41
1.092041428524320068e+01 1.055735309378890522e-05 2.956565606111358740e-06 1.363745248171149539e-41 1.103718579040020045e-41
1.136350551986625135e+01 9.483988891831784447e-06 2.657402476650414413e-06 1.131218430135451611e-41 9.158263227442059577e-42
1.182457499570538495e+01 8.539239895933200657e-06 2.392120264803315632e-06 9.406278587424967553e-42 7.613755096202717728e-42
1.230435217236615664e+01 7.689678887662881638e-06 2.153445924176870367e-06 7.822823215813131750e-42 6.330420651323851788e-42
1.280359610697198924e+01 6.920258966884228769e-06 1.937685384563426431e-06 6.501438861631990843e-42 5.260347188588382012e-42
1.332309665507107788e+01 6.221215600777113433e-06 1.742220410605453378e-06 5.397257570883798384e-42 4.367174429927640747e-42
1.386367572026962947e+01 5.592451821863698176e-06 1.566343257297243387e-06 4.480392539360150802e-42 3.625414173948347211e-42
1.442618855456828975e+01 5.031094963177250576e-06 1.408903076953576468e-06 3.722315232038299966e-42 3.011507997525636374e-42
1.501152511145938639e+01 4.524267177730901213e-06 1.266895791033488692e-06 3.091200010801428953e-42 2.500645934224830963e-42
1.562061145392529937e+01 4.068755861791704530e-06 1.139191209188656912e-06 2.567299330144523894e-42 2.076510135124748536e-42
1.625441121956602331e+01 3.657911618637396272e-06 1.024119647569776701e-06 2.131439349015093094e-42 1.723787938555257837e-42
1.691392714517340679e+01 3.288407625365566037e-06 9.205847368501800216e-07 1.769529169735507419e-42 1.430895534944161331e-42
1.760020265316455124e+01 2.955909681880392716e-06 8.274341389678067898e-07 1.468896950828609727e-42 1.187623869491127293e-42
1.831432350238404894e+01 2.656693222972442200e-06 7.436249319833972888e-07 1.219183350874308436e-42 9.855812127406470502e-43
1.905741950588666356e+01 2.388010559104273696e-06 6.683175384418494506e-07 1.012043177411573109e-42 8.179609817998854248e-43
1.983066631841861849e+01 2.145839307369130848e-06 6.004892891157765006e-07 8.398229549467522878e-43 6.786498265534471486e-43
2.063528729642485260e+01 1.928779329302033253e-06 5.396251699316556884e-07 6.971293135093924847e-43 5.631858627628093334e-43
2.147255543352562768e+01 1.732281824029018552e-06 4.846434357734806266e-07 5.781881547097031020e-43 4.670331270379703785e-43
2.234379537452397102e+01 1.556359713241162680e-06 4.353582158190113360e-07 4.797249098023057779e-43 3.874019448312598713e-43
2.325038551113085461e+01 1.397946251145351225e-06 3.910016792098050282e-07 3.979224578536377729e-43 3.212669798835799797e-43
2.419376016272352103e+01 1.256028551974258397e-06 3.512154673179201173e-07 3.301783296572169371e-43 2.664813207809352638e-43
2.517541184558695377e+01 1.127901491043863433e-06 3.153461528019383349e-07 2.738086128023871715e-43 2.209269378013661910e-43
2.619689363422923378e+01 1.013309594251025806e-06 2.832193426250103781e-07 2.271725652011489963e-43 1.832227758397429458e-43
2.725982161850587460e+01 9.099129289330828722e-07 2.542688525213912674e-07 1.883846174865448938e-43 1.518856501718945560e-43
2.836587746044123293e+01 8.169250291100264205e-07 2.282390355344404717e-07 1.561915023740606341e-43 1.258841984242175305e-43
2.951681105479187650e+01 7.335176695730767449e-07 2.048796907079475757e-07 1.295139369409917771e-43 1.043375876583368036e-43
3.071444329756090141e+01 6.585726521807175882e-07 1.838922053946711296e-07 1.073845322577482834e-43 8.646917008844747086e-44
3.196066896684400405e+01 5.911449053952032227e-07 1.650222528447990777e-07 8.901433412174694215e-44 7.164305141702589398e-44
3.325745972056418509e+01 5.306652192155747501e-07 1.480860421654520178e-07 7.379437586423804542e-44 5.936023832884092171e-44
3.460686721583880399e+01 4.764244042421735635e-07 1.328923919693056856e-07 6.118268035588541754e-44 4.918402415589269105e-44
3.601102635491312753e+01 4.276037419195947746e-07 1.192275260501276101e-07 5.071140016789555858e-44 4.074016380781531472e-44
3.747215866279661611e+01 3.833826772370095121e-07 1.068852359156315907e-07 4.198602671039638126e-44 3.371407239101015590e-44
3.899257580194544204e+01 3.441458587363362540e-07 9.589073799426214326e-08 3.480622309931235077e-44 2.792584198651266389e-44
4.057468322955131157e+01 3.090052187066929848e-07 8.603961560927850286e-08 2.886172479148461180e-44 2.313450621317363737e-44
4.222098400322389722e+01 2.771058766922415872e-07 7.712895251344073376e-08 2.390119406792008414e-44 1.914366203484376632e-44
4.393408274108661260e+01 2.488862525192569355e-07 6.920878158088348984e-08 1.982605550021149691e-44 1.586077369976073194e-44
4.571668974255220519e+01 2.229753515268544130e-07 6.199097899060945421e-08 1.640150455760096611e-44 1.311143235860572763e-44
4.757162527629650128e+01 2.002669528538687286e-07 5.561757280682665371e-08 1.360503565688439701e-44 1.086089972503945061e-44
4.950182404221533261e+01 1.794616248891888325e-07 4.981798619596174599e-08 1.125801170255349586e-44 8.978273269921407457e-45
5.151033981442348875e+01 1.609751066327698334e-07 4.464906546004338232e-08 9.325639452385610499e-45 7.427338500259976143e-45
5.360035027264090957e+01 1.443774359713084428e-07 4.000979504296174577e-08 7.724101702792195996e-45 6.143020337126051308e-45
5.577516202961113123e+01 1.294587127167851762e-07 3.584315918239235211e-08 6.395909303391923234e-45 5.079040339492458953e-45
5.803821586250425213e+01 1.161002923909576797e-07 3.211080953796569021e-08 5.297033437431398476e-45 4.199338877848008101e-45
6.039309215658282426e+01 1.040808985609179807e-07 2.875657619800958300e-08 4.385190478850773484e-45 3.470356158247956386e-45
6.284351656974125433e+01 9.335104592837537841e-08 2.575825746474903228e-08 3.632187459039927845e-45 2.868633558827312078e-45
6.539336592688218275e+01 8.366755850871368441e-08 2.305852012426280790e-08 3.006217749064128721e-45 2.369396556203904793e-45
6.804667435345474757e+01 7.500706921121065986e-08 2.064269821397584316e-08 2.488794273975447360e-45 1.957101944688246878e-45
7.080763965785783398e+01 6.724258768554084775e-08 1.847708867735994167e-08 2.060394388796534641e-45 1.616181340586845767e-45
7.368062997280773629e+01 6.027701574735427464e-08 1.653561874257279164e-08 1.705603338560624259e-45 1.334285849399280225e-45
7.667019066617557144e+01 5.403635427869179471e-08 1.479630171559858073e-08 1.412000669427728141e-45 1.101354612579447939e-45
7.978105153222951174e+01 4.841739197687911265e-08 1.323324447519233922e-08 1.168304412763393863e-45 9.084604941575898220e-46
8.301813427465896211e+01 4.340048830414320872e-08 1.183632369459015263e-08 9.670955788455761394e-46 7.494068806294826918e-46
8.638656029321826679e+01 3.887455927259150523e-08 1.057959101117066200e-08 7.999043252982090754e-46 6.176274896141821080e-46
8.989165878631159501e+01 3.483899577618416699e-08 9.457682594049933475e-09 6.619874525387382093e-46 5.090843857682272875e-46
9.353897518233537767e+01 3.121800370409189528e-08 8.452041863186735765e-09 5.477676018083654524e-46 4.194209667909807407e-46
9.733427991312039751e+01 2.796668349294993459e-08 7.550304307128689668e-09 4.531385526058923597e-46 3.453501930662072298e-46
1.012835775433512566e+02 2.506627676883883228e-08 6.745304752367948977e-09 3.750521632114466803e-46 2.843637441524104775e-46
1.053931162704090383e+02 2.244366245039404380e-08 6.020262294978094230e-09 3.100826712383297887e-46 2.338400340039871383e-46
1.096693978096662505e+02 2.010926806713883341e-08 5.374018993641384163e-09 2.565546865219305282e-46 1.923143872687684382e-46
1.141191876808724146e+02 1.802006685769835906e-08 4.796036839728201582e-09 2.122953250628038138e-46 1.580995019477416596e-46
1.187495259119069715e+02 1.613187413600640745e-08 4.275819102051268072e-09 1.754860366096586876e-46 1.297893311635022465e-46
1.235677381768307299e+02 1.445704895051530696e-08 3.813461780193687081e-09 1.452232190733609257e-46 1.065829373927964032e-46
1.285814473858610256e+02 1.294811828849457697e-08 3.398225751180854969e-09 1.200990122968814650e-46 8.742154445031694902e-47
1.337985857456033330e+02 1.159577331371889528e-08 3.026764704306709499e-09 9.931298189990803541e-47 7.165030227062283972e-47
1.392274073086229578e+02 1.038442253834523071e-08 2.694607726952882191e-09 8.212300648198583756e-47 5.867907899326671344e-47
1.448765010322105979e+02 9.293084807438532301e-09 2.396497299350961122e-09 6.785516689666422261e-47 4.798579931910679438e-47
1.507548043670001334e+02 8.322178777090982227e-09 2.131213770590222905e-09 5.610728841111760710e-47 3.922973680686451451e-47
1.568716173969412466e+02 7.451555991839585561e-09 1.893989278395706042e-09 4.638451363765701802e-47 3.203570595563467022e-47
1.632366175529932661e+02 6.672803020579411239e-09 1.682217560644844255e-09 3.835196191149731474e-47 2.613664905232729927e-47
1.698598749238223888e+02 5.972973730535813865e-09 1.492679218072416364e-09 3.169535705120333605e-47 2.129148893995394089e-47
1.767518681877242273e+02 5.347944025451976535e-09 1.323747360870252869e-09 2.620117455423457720e-47 1.732712733881058587e-47
1.839235011909755428e+02 4.786465883776064364e-09 1.172677235921115362e-09 2.165010301405668614e-47 1.407724623666436401e-47
1.913861201988485448e+02 4.284006583730795950e-09 1.037944729128012062e-09 1.788953264955028989e-47 1.142042429292438521e-47
1.991515318465745565e+02 3.834324114243154016e-09 9.178415589695944777e-10 1.478190948795887252e-47 9.250435872670711847e-48
2.072320218186640659e+02 3.432038067168563198e-09 8.108350989652236820e-10 1.221463461052822934e-47 7.480354502328668383e-48
2.156403742861289174e+02 3.071647486303681004e-09 7.154671729500725693e-10 1.009188664310550738e-47 6.037182678785866435e-48
2.243898921323639115e+02 2.748577435467543869e-09 6.304816058484100925e-10 8.336158220737272386e-48 4.861807186237260694e-48
2.334944179996852824e+02 2.459303887817674759e-09 5.548440810170320015e-10 6.885130920839489566e-48 3.906417744641551313e-48
2.429683561898209518e+02 2.200530034331820769e-09 4.876121661409863244e-10 5.686656920788228141e-48 3.131381449383192050e-48
2.528266954530079147e+02 1.968586866126672640e-09 4.278205938081987324e-10 4.695594275706273080e-48 2.503144643228347387e-48
2.630850327017436712e+02 1.761548618520033921e-09 3.748148620495756205e-10 3.878211587198316708e-48 1.995813944339237404e-48
2.737595976867171998e+02 1.575681168459027579e-09 3.277100006953173714e-10 3.201687293087440351e-48 1.585896586806676607e-48
2.848672786739514322e+02 1.409893961590408624e-09 2.860469809359744555e-10 2.644009132282887255e-48 1.256374114577257924e-48
2.964256491637881936e+02 1.260687387220886008e-09 2.490450547803448030e-10 2.181769564430541369e-48 9.910951462240903418e-49
3.084529956939841782e+02 1.128270708032309513e-09 2.164831486325759753e-10 1.801969180304998761e-48 7.794067810668974541e-49
3.209683467709033948e+02 1.008772970410509077e-09 1.875922208781916104e-10 1.486654701915078943e-48 6.097497190891099617e-49
3.339915029745851029e+02 9.020008308978835274e-10 1.621432521800116509e-10 1.226543363143771811e-48 4.748328414840354327e-49
3.475430682853072994e+02 8.068748432712302598e-10 1.397952655541149523e-10 1.012368683895460225e-48 3.680514321256160497e-49
3.616444826812160613e+02 7.214177823265738018e-10 1.201154063835262382e-10 8.350821962643016873e-49 2.835662136117657338e-49
3.763180560585896615e+02 6.451185699250059244e-10 1.028790835793577970e-10 6.889227466658708872e-49 2.171952868665134068e-49
3.915870035283998050e+02 5.768791650620112282e-10 8.780126441693264840e-11 5.683039502812729600e-49 1.652671596369702630e-49
4.074754821450217719e+02 5.156553819387785432e-10 7.462382559709374756e-11 4.685751136204252197e-49 1.248059428080604570e-49
4.240086291251901116e+02 4.609203500778038893e-10 6.316041962598989989e-11 3.863075868267847914e-49 9.351176951111632784e-50
4.412126016176791268e+02 4.120116151415986538e-10 5.321994815799606637e-11 3.184749753600180100e-49 6.947249041683005694e-50
4.591146180866149393e+02 3.685740266769705434e-10 4.465437636861642682e-11 2.627557934387480940e-49 5.117871038751433453e-50
4.777430013739027572e+02 3.291583557773290649e-10 3.722432657685762392e-11 2.163705046543598232e-49 3.725276576094996097e-50
4.971272235088939055e+02 2.944303593072231951e-10 3.089604997676046955e-11 1.784713135036210041e-49 2.686721830029292705e-50
5.172979523361816518e+02 2.631468093736110422e-10 2.547326987220195020e-11 1.470664366955678025e-49 1.912887497227238332e-50
5.382871000353076170e+02 2.350739085767971282e-10 2.085918987314017610e-11 1.211159551855174031e-49 1.343642143616256896e-50
5.601278736091270503e+02 2.101733357743269015e-10 1.697513686743289735e-11 9.983010698464252883e-50 9.316881618715679741e-51
5.828548274207264512e+02 1.875888227517460320e-10 1.369333409142184031e-11 8.212613857648680190e-50 6.350918787893214451e-51
6.065039178619965696e+02 1.675981188587306067e-10 1.096899855405797581e-11 6.763061114653339825e-50 4.266312440949087267e-51
6.311125602403656103e+02 1.497328728491987515e-10 8.713885388435365885e-12 5.568853699961673393e-50 2.818917374864177466e-51
6.567196879736877690e+02 1.337305480733897059e-10 6.860448280112941225e-12 4.583660480383135378e-50 1.830605242889908348e-51
6.833658141869332212e+02 1.194481616115992019e-10 5.352652105699993173e-12 3.772941562063290919e-50 1.169540901284534748e-51
7.110930958081479503e+02 1.066990668221060608e-10 4.137305749701128738e-12 3.105748205120149436e-50 7.361632111091754678e-52
7.399454002650702478e+02 9.528780006630181983e-11 3.166569954798029920e-12 2.555825690679553411e-50 4.577559805566097462e-52
7.699683748879407403e+02 8.507640107542700885e-11 2.399734294696290349e-12 2.102694375361093787e-50 2.827984120393149332e-52
8.012095191283035547e+02 7.598618669540604555e-11 1.802157250667755378e-12 1.730534762853913913e-50 1.753196414773431304e-52
8.337182597080467303e+02 6.786205136081038019e-11 1.341254086314669066e-12 1.424165209300968624e-50 1.104628156596433598e-52
8.675460288175950154e+02 6.057177819602498638e-11 9.897163932616373786e-13 1.171336673711280754e-50 7.188679774164992370e-53
9.027463454869495081e+02 5.409145760078281543e-11 7.259487754277731935e-13 9.639695503169631632e-51 4.933160839751546222e-53
9.393749002583358561e+02 4.828309496631100489e-11 5.298813303267366048e-13 7.929685635751662215e-51 3.617567445908472942e-53
9.774896432943966147e+02 4.309155110618838082e-11 3.860804861488490233e-13 6.522487192315601248e-51 2.859431783179593309e-53
1.017150876061345798e+03 3.848166066221119543e-11 2.820549802980359230e-13 5.369081991100209271e-51 2.425034809045108552e-53
1.058421346732128768e+03 3.434981060196818919e-11 2.071929140380028923e-13 4.418015919766726406e-51 2.166843282537231073e-53
1.101366349460521178e+03 3.065748988471734947e-11 1.537651900240138400e-13 3.635337744375870262e-51 1.996236321081007728e-53
1.146053827683226928e+03 2.739255315609268023e-11 1.159142349367077170e-13 2.995346774331727337e-51 1.855848823412115518e-53
1.192554481613437474e+03 2.443015097804940842e-11 8.874441473196353265e-14 2.463450218173278939e-51 1.701914070443959078e-53
1.240941880095874922e+03 2.180412197738163769e-11 6.930784065308794159e-14 2.027917008553621817e-51 1.517655272167338139e-53
1.291292577000307574e+03 1.948040108166994168e-11 5.518783047279837716e-14 1.671487665442050611e-51 1.299021677414426222e-53
1.343686232337705860e+03 1.738196200274712248e-11 4.455177609196280963e-14 1.375980805316879692e-51 1.054613986061449899e-53
1.398205738290609816e+03 1.551837861925024694e-11 3.634592026356980099e-14 1.133533400467571510e-51 8.052446552823828648e-54
1.454937350357142350e+03 1.386015241119612409e-11 2.976047112699407351e-14 9.343271081480925823e-52 5.723815481185495129e-54
1.513970823816117672e+03 1.235850630457401667e-11 2.423105335290825500e-14 7.688152861039229823e-52 3.748418757936288821e-54
1.575399555729195072e+03 1.104456492232671459e-11 1.955747418286674686e-14 6.342184888502909239e-52 2.251102054057833703e-54
1.639320732704682541e+03 9.856643889862030916e-12 1.549942182179700324e-14 5.224335506995549769e-52 1.226592627699561981e-54
1.705835484656795643e+03 8.798306078788757064e-12 1.203163136265210617e-14 4.304629845868303455e-52 6.091199623001761960e-55
1.775049044803661445e+03 7.850327274768555607e-12 9.127822580874307570e-15 3.545240352720197973e-52 2.821383007402214411e-55
1.847070916157142392e+03 7.016358799794554990e-12 6.791294974166219629e-15 2.925212186935869158e-52 1.325466293120567162e-55
1.922015044767936388e+03 6.261411618304331807e-12 4.965177756693635811e-15 2.409678512282412169e-52 7.338714203478207022e-56
2.000000000000000227e+03 5.589636426242108177e-12 3.606040858204222404e-15 1.985745286699284988e-52 5.605094712856855453e-56
