 0.101956E-04  0.171559E+05  0.171559E+05  0.228745E+05  0.228745E+05  0.000000E+00  0.171559E+05
  0.105412E-04  0.171559E+05  0.171559E+05  0.228745E+05  0.228745E+05  0.000000E+00  0.171559E+05
  0.108984E-04  0.171559E+05  0.171559E+05  0.228745E+05  0.228745E+05  0.000000E+00  0.171559E+05
  0.112678E-04  0.171559E+05  0.171559E+05  0.228745E+05  0.228745E+05  0.000000E+00  0.171559E+05
  0.116498E-04  0.171559E+05  0.171559E+05  0.228745E+05  0.228745E+05  0.000000E+00  0.171559E+05
  0.120446E-04  0.171559E+05  0.171559E+05  0.228745E+05  0.228745E+05  0.000000E+00  0.171559E+05
  0.124529E-04  0.171559E+05  0.171559E+05  0.228745E+05  0.228745E+05  0.000000E+00  0.171559E+05
  0.128750E-04  0.171559E+05  0.171559E+05  0.228745E+05  0.228745E+05  0.000000E+00  0.171559E+05
  0.133114E-04  0.171559E+05  0.171559E+05  0.228745E+05  0.228745E+05  0.000000E+00  0.171559E+05
  0.137626E-04  0.171559E+05  0.171559E+05  0.228745E+05  0.228745E+05  0.000000E+00  0.171559E+05
  0.142291E-04  0.171559E+05  0.171559E+05  0.228745E+05  0.228745E+05  0.000000E+00  0.171559E+05
  0.147114E-04  0.171559E+05  0.171559E+05  0.228745E+05  0.228745E+05  0.000000E+00  0.171559E+05
  0.152100E-04  0.171559E+05  0.171559E+05  0.228745E+05  0.228745E+05  0.000000E+00  0.171559E+05
  0.157255E-04  0.171559E+05  0.171559E+05  0.228745E+05  0.228745E+05  0.000000E+00  0.171559E+05
  0.162586E-04  0.171559E+05  0.171559E+05  0.228745E+05  0.228745E+05  0.000000E+00  0.171559E+05
  0.168097E-04  0.171559E+05  0.171559E+05  0.228745E+05  0.228745E+05  0.000000E+00  0.171559E+05
  0.173794E-04  0.171559E+05  0.171559E+05  0.228745E+05  0.228745E+05  0.000000E+00  0.171559E+05
  0.179685E-04  0.171559E+05  0.171559E+05  0.228745E+05  0.228745E+05  0.000000E+00  0.171559E+05
  0.185775E-04  0.171559E+05  0.171559E+05  0.228745E+05  0.228745E+05  0.000000E+00  0.171559E+05
  0.192072E-04  0.171559E+05  0.171559E+05  0.228745E+05  0.228745E+05  0.000000E+00  0.171559E+05
  0.198583E-04  0.171559E+05  0.171559E+05  0.228745E+05  0.228745E+05  0.000000E+00  0.171559E+05
  0.205314E-04  0.171559E+05  0.171559E+05  0.228745E+05  0.228745E+05  0.000000E+00  0.171559E+05
  0.212273E-04  0.171559E+05  0.171559E+05  0.228745E+05  0.228745E+05  0.000000E+00  0.171559E+05
  0.219468E-04  0.171559E+05  0.171559E+05  0.228745E+05  0.228745E+05  0.000000E+00  0.171559E+05
  0.226907E-04  0.171559E+05  0.171559E+05  0.228745E+05  0.228745E+05  0.000000E+00  0.171559E+05
  0.234598E-04  0.171559E+05  0.171559E+05  0.228745E+05  0.228745E+05  0.000000E+00  0.171559E+05
  0.242549E-04  0.171559E+05  0.171559E+05  0.228745E+05  0.228745E+05  0.000000E+00  0.171559E+05
  0.250771E-04  0.171559E+05  0.171559E+05  0.228745E+05  0.228745E+05  0.000000E+00  0.171559E+05
  0.259270E-04  0.171559E+05  0.171559E+05  0.228745E+05  0.228745E+05  0.000000E+00  0.171559E+05
  0.268058E-04  0.171559E+05  0.171559E+05  0.228745E+05  0.228745E+05  0.000000E+00  0.171559E+05
  0.277144E-04  0.171559E+05  0.171559E+05  0.228745E+05  0.228745E+05  0.000000E+00  0.171559E+05
  0.286538E-04  0.171559E+05  0.171559E+05  0.228745E+05  0.228745E+05  0.000000E+00  0.171559E+05
  0.296250E-04  0.171559E+05  0.171559E+05  0.228745E+05  0.228745E+05  0.000000E+00  0.171559E+05
  0.306292E-04  0.171559E+05  0.171559E+05  0.228745E+05  0.228745E+05  0.000000E+00  0.171559E+05
  0.316674E-04  0.171559E+05  0.171559E+05  0.228745E+05  0.228745E+05  0.000000E+00  0.171559E+05
  0.327407E-04  0.171559E+05  0.171559E+05  0.228745E+05  0.228745E+05  0.000000E+00  0.171559E+05
  0.338505E-04  0.171559E+05  0.171559E+05  0.228745E+05  0.228744E+05  0.000000E+00  0.171559E+05
  0.349979E-04  0.171559E+05  0.171559E+05  0.228745E+05  0.228744E+05  0.000000E+00  0.171559E+05
  0.361841E-04  0.171559E+05  0.171559E+05  0.228745E+05  0.228744E+05  0.000000E+00  0.171559E+05
  0.374106E-04  0.171559E+05  0.171559E+05  0.228745E+05  0.228744E+05  0.000000E+00  0.171559E+05
  0.386786E-04  0.171559E+05  0.171559E+05  0.228745E+05  0.228744E+05  0.000000E+00  0.171559E+05
  0.399896E-04  0.171559E+05  0.171559E+05  0.228745E+05  0.228744E+05  0.000000E+00  0.171559E+05
  0.413451E-04  0.171559E+05  0.171558E+05  0.228745E+05  0.228744E+05  0.000000E+00  0.171559E+05
  0.427465E-04  0.171559E+05  0.171558E+05  0.228745E+05  0.228744E+05  0.000000E+00  0.171559E+05
  0.441954E-04  0.171559E+05  0.171558E+05  0.228745E+05  0.228744E+05  0.000000E+00  0.171559E+05
  0.456934E-04  0.171559E+05  0.171558E+05  0.228745E+05  0.228744E+05  0.000000E+00  0.171559E+05
  0.472422E-04  0.171559E+05  0.171558E+05  0.228744E+05  0.228744E+05  0.000000E+00  0.171559E+05
  0.488434E-04  0.171559E+05  0.171558E+05  0.228744E+05  0.228744E+05  0.000000E+00  0.171559E+05
  0.504990E-04  0.171559E+05  0.171558E+05  0.228744E+05  0.228744E+05  0.000000E+00  0.171559E+05
  0.522107E-04  0.171559E+05  0.171558E+05  0.228744E+05  0.228744E+05  0.000000E+00  0.171559E+05
  0.539803E-04  0.171559E+05  0.171558E+05  0.228744E+05  0.228743E+05  0.000000E+00  0.171559E+05
  0.558100E-04  0.171559E+05  0.171558E+05  0.228744E+05  0.228743E+05  0.000000E+00  0.171559E+05
  0.577017E-04  0.171559E+05  0.171558E+05  0.228744E+05  0.228743E+05  0.000000E+00  0.171559E+05
  0.596575E-04  0.171559E+05  0.171558E+05  0.228744E+05  0.228743E+05  0.000000E+00  0.171559E+05
  0.616796E-04  0.171559E+05  0.171558E+05  0.228744E+05  0.228743E+05  0.000000E+00  0.171559E+05
  0.637702E-04  0.171559E+05  0.171558E+05  0.228744E+05  0.228743E+05  0.000000E+00  0.171559E+05
  0.659317E-04  0.171559E+05  0.171558E+05  0.228744E+05  0.228743E+05  0.000000E+00  0.171558E+05
  0.681665E-04  0.171559E+05  0.171558E+05  0.228744E+05  0.228742E+05  0.000000E+00  0.171558E+05
  0.704770E-04  0.171559E+05  0.171558E+05  0.228744E+05  0.228742E+05  0.000000E+00  0.171558E+05
  0.728658E-04  0.171559E+05  0.171558E+05  0.228744E+05  0.228742E+05  0.000000E+00  0.171558E+05
  0.753356E-04  0.171559E+05  0.171558E+05  0.228743E+05  0.228742E+05  0.000000E+00  0.171558E+05
  0.778891E-04  0.171559E+05  0.171558E+05  0.228743E+05  0.228742E+05  0.000000E+00  0.171558E+05
  0.805292E-04  0.171558E+05  0.171557E+05  0.228743E+05  0.228741E+05  0.000000E+00  0.171558E+05
  0.832588E-04  0.171558E+05  0.171557E+05  0.228743E+05  0.228741E+05  0.000000E+00  0.171558E+05
  0.860808E-04  0.171558E+05  0.171557E+05  0.228743E+05  0.228741E+05  0.000000E+00  0.171558E+05
  0.889986E-04  0.171558E+05  0.171557E+05  0.228743E+05  0.228741E+05  0.000000E+00  0.171558E+05
  0.920152E-04  0.171558E+05  0.171557E+05  0.228743E+05  0.228740E+05  0.000000E+00  0.171558E+05
  0.951340E-04  0.171558E+05  0.171557E+05  0.228742E+05  0.228740E+05  0.000000E+00  0.171558E+05
  0.983586E-04  0.171558E+05  0.171557E+05  0.228742E+05  0.228740E+05  0.000000E+00  0.171558E+05
  0.101692E-03  0.171558E+05  0.171557E+05  0.228742E+05  0.228739E+05  0.000000E+00  0.171558E+05
  0.105139E-03  0.171558E+05  0.171557E+05  0.228742E+05  0.228739E+05  0.000000E+00  0.171558E+05
  0.108703E-03  0.171558E+05  0.171556E+05  0.228742E+05  0.228738E+05  0.000000E+00  0.171558E+05
  0.112388E-03  0.171558E+05  0.171556E+05  0.228741E+05  0.228738E+05  0.000000E+00  0.171558E+05
  0.116197E-03  0.171558E+05  0.171556E+05  0.228741E+05  0.228737E+05  0.000000E+00  0.171558E+05
  0.120135E-03  0.171558E+05  0.171556E+05  0.228741E+05  0.228737E+05  0.000000E+00  0.171558E+05
  0.124207E-03  0.171558E+05  0.171556E+05  0.228741E+05  0.228736E+05  0.000000E+00  0.171558E+05
  0.128417E-03  0.171558E+05  0.171555E+05  0.228740E+05  0.228736E+05  0.000000E+00  0.171558E+05
  0.132770E-03  0.171558E+05  0.171555E+05  0.228740E+05  0.228735E+05  0.000000E+00  0.171557E+05
  0.137271E-03  0.171558E+05  0.171555E+05  0.228740E+05  0.228734E+05  0.000000E+00  0.171557E+05
  0.141923E-03  0.171558E+05  0.171555E+05  0.228739E+05  0.228733E+05  0.000000E+00  0.171557E+05
  0.146734E-03  0.171558E+05  0.171554E+05  0.228739E+05  0.228733E+05  0.000000E+00  0.171557E+05
  0.151707E-03  0.171558E+05  0.171554E+05  0.228738E+05  0.228732E+05  0.000000E+00  0.171557E+05
  0.156849E-03  0.171557E+05  0.171554E+05  0.228738E+05  0.228731E+05  0.000000E+00  0.171557E+05
  0.162166E-03  0.171557E+05  0.171553E+05  0.228737E+05  0.228730E+05  0.000000E+00  0.171557E+05
  0.167663E-03  0.171557E+05  0.171553E+05  0.228737E+05  0.228729E+05  0.000000E+00  0.171557E+05
  0.173345E-03  0.171557E+05  0.171552E+05  0.228736E+05  0.228728E+05  0.000000E+00  0.171556E+05
  0.179221E-03  0.171557E+05  0.171552E+05  0.228736E+05  0.228727E+05  0.000000E+00  0.171556E+05
  0.185296E-03  0.171557E+05  0.171552E+05  0.228735E+05  0.228725E+05  0.000000E+00  0.171556E+05
  0.191576E-03  0.171557E+05  0.171551E+05  0.228734E+05  0.228724E+05  0.000000E+00  0.171556E+05
  0.198070E-03  0.171557E+05  0.171551E+05  0.228734E+05  0.228722E+05  0.000000E+00  0.171556E+05
  0.204784E-03  0.171557E+05  0.171550E+05  0.228733E+05  0.228721E+05  0.000000E+00  0.171555E+05
  0.211725E-03  0.171556E+05  0.171549E+05  0.228732E+05  0.228719E+05  0.000000E+00  0.171555E+05
  0.218901E-03  0.171556E+05  0.171549E+05  0.228731E+05  0.228717E+05  0.000000E+00  0.171555E+05
  0.226321E-03  0.171556E+05  0.171548E+05  0.228730E+05  0.228715E+05  0.000000E+00  0.171555E+05
  0.233992E-03  0.171556E+05  0.171547E+05  0.228729E+05  0.228713E+05  0.000000E+00  0.171554E+05
  0.241923E-03  0.171556E+05  0.171546E+05  0.228728E+05  0.228711E+05  0.000000E+00  0.171554E+05
  0.250123E-03  0.171555E+05  0.171546E+05  0.228727E+05  0.228709E+05  0.000000E+00  0.171554E+05
  0.258601E-03  0.171555E+05  0.171545E+05  0.228725E+05  0.228706E+05  0.000000E+00  0.171553E+05
  0.267366E-03  0.171555E+05  0.171544E+05  0.228724E+05  0.228704E+05  0.000000E+00  0.171553E+05
  0.276429E-03  0.171555E+05  0.171543E+05  0.228723E+05  0.228701E+05  0.000000E+00  0.171553E+05
  0.285798E-03  0.171554E+05  0.171541E+05  0.228721E+05  0.228698E+05  0.000000E+00  0.171552E+05
  0.295486E-03  0.171554E+05  0.171540E+05  0.228719E+05  0.228695E+05  0.000000E+00  0.171552E+05
  0.305501E-03  0.171554E+05  0.171539E+05  0.228718E+05  0.228691E+05  0.000000E+00  0.171551E+05
  0.315856E-03  0.171553E+05  0.171538E+05  0.228716E+05  0.228687E+05  0.000000E+00  0.171551E+05
  0.326562E-03  0.171553E+05  0.171536E+05  0.228714E+05  0.228683E+05  0.000000E+00  0.171550E+05
  0.337631E-03  0.171552E+05  0.171535E+05  0.228711E+05  0.228679E+05  0.000000E+00  0.171549E+05
  0.349075E-03  0.171552E+05  0.171533E+05  0.228709E+05  0.228675E+05  0.000000E+00  0.171549E+05
  0.360907E-03  0.171552E+05  0.171531E+05  0.228707E+05  0.228670E+05  0.000000E+00  0.171548E+05
  0.373140E-03  0.171551E+05  0.171529E+05  0.228704E+05  0.228665E+05  0.000000E+00  0.171547E+05
  0.385788E-03  0.171550E+05  0.171527E+05  0.228701E+05  0.228659E+05  0.000000E+00  0.171547E+05
  0.398864E-03  0.171550E+05  0.171525E+05  0.228698E+05  0.228653E+05  0.000000E+00  0.171546E+05
  0.412383E-03  0.171549E+05  0.171523E+05  0.228695E+05  0.228647E+05  0.000000E+00  0.171545E+05
  0.426361E-03  0.171549E+05  0.171520E+05  0.228691E+05  0.228640E+05  0.000000E+00  0.171544E+05
  0.440813E-03  0.171548E+05  0.171517E+05  0.228688E+05  0.228633E+05  0.000000E+00  0.171543E+05
  0.455754E-03  0.171547E+05  0.171515E+05  0.228684E+05  0.228625E+05  0.000000E+00  0.171542E+05
  0.471202E-03  0.171546E+05  0.171512E+05  0.228680E+05  0.228617E+05  0.000000E+00  0.171540E+05
  0.487173E-03  0.171545E+05  0.171508E+05  0.228675E+05  0.228608E+05  0.000000E+00  0.171539E+05
  0.503686E-03  0.171545E+05  0.171505E+05  0.228670E+05  0.228598E+05  0.000000E+00  0.171538E+05
  0.520759E-03  0.171544E+05  0.171501E+05  0.228665E+05  0.228588E+05  0.000000E+00  0.171536E+05
  0.538410E-03  0.171543E+05  0.171497E+05  0.228659E+05  0.228577E+05  0.000000E+00  0.171535E+05
  0.556659E-03  0.171541E+05  0.171493E+05  0.228654E+05  0.228566E+05  0.000000E+00  0.171533E+05
  0.575527E-03  0.171540E+05  0.171488E+05  0.228647E+05  0.228553E+05  0.000000E+00  0.171531E+05
  0.595035E-03  0.171539E+05  0.171483E+05  0.228640E+05  0.228540E+05  0.000000E+00  0.171529E+05
  0.615204E-03  0.171538E+05  0.171478E+05  0.228633E+05  0.228526E+05  0.000000E+00  0.171527E+05
  0.636056E-03  0.171536E+05  0.171473E+05  0.228626E+05  0.228511E+05  0.000000E+00  0.171525E+05
  0.657615E-03  0.171535E+05  0.171467E+05  0.228617E+05  0.228495E+05  0.000000E+00  0.171523E+05
  0.679905E-03  0.171533E+05  0.171460E+05  0.228608E+05  0.228478E+05  0.000000E+00  0.171520E+05
  0.702951E-03  0.171531E+05  0.171454E+05  0.228599E+05  0.228459E+05  0.000000E+00  0.171518E+05
  0.726777E-03  0.171529E+05  0.171446E+05  0.228589E+05  0.228439E+05  0.000000E+00  0.171515E+05
  0.751412E-03  0.171527E+05  0.171438E+05  0.228578E+05  0.228418E+05  0.000000E+00  0.171512E+05
  0.776881E-03  0.171525E+05  0.171430E+05  0.228567E+05  0.228396E+05  0.000000E+00  0.171509E+05
  0.803213E-03  0.171523E+05  0.171421E+05  0.228554E+05  0.228372E+05  0.000000E+00  0.171505E+05
  0.830438E-03  0.171520E+05  0.171412E+05  0.228541E+05  0.228346E+05  0.000000E+00  0.171502E+05
  0.858586E-03  0.171517E+05  0.171402E+05  0.228527E+05  0.228319E+05  0.000000E+00  0.171498E+05
  0.887688E-03  0.171514E+05  0.171391E+05  0.228512E+05  0.228289E+05  0.000000E+00  0.171493E+05
  0.917776E-03  0.171511E+05  0.171379E+05  0.228496E+05  0.228258E+05  0.000000E+00  0.171489E+05
  0.948884E-03  0.171508E+05  0.171367E+05  0.228479E+05  0.228224E+05  0.000000E+00  0.171484E+05
  0.981047E-03  0.171505E+05  0.171354E+05  0.228461E+05  0.228188E+05  0.000000E+00  0.171479E+05
  0.101430E-02  0.171501E+05  0.171340E+05  0.228441E+05  0.228150E+05  0.000000E+00  0.171473E+05
  0.104868E-02  0.171497E+05  0.171324E+05  0.228420E+05  0.228109E+05  0.000000E+00  0.171468E+05
  0.108422E-02  0.171493E+05  0.171308E+05  0.228398E+05  0.228065E+05  0.000000E+00  0.171461E+05
  0.112097E-02  0.171488E+05  0.171291E+05  0.228374E+05  0.228018E+05  0.000000E+00  0.171455E+05
  0.115897E-02  0.171483E+05  0.171273E+05  0.228348E+05  0.227968E+05  0.000000E+00  0.171447E+05
  0.119825E-02  0.171478E+05  0.171253E+05  0.228321E+05  0.227915E+05  0.000000E+00  0.171440E+05
  0.123887E-02  0.171472E+05  0.171232E+05  0.228292E+05  0.227858E+05  0.000000E+00  0.171431E+05
  0.128086E-02  0.171467E+05  0.171209E+05  0.228260E+05  0.227797E+05  0.000000E+00  0.171423E+05
  0.132427E-02  0.171460E+05  0.171185E+05  0.228227E+05  0.227731E+05  0.000000E+00  0.171413E+05
  0.136916E-02  0.171453E+05  0.171159E+05  0.228191E+05  0.227662E+05  0.000000E+00  0.171403E+05
  0.141557E-02  0.171446E+05  0.171132E+05  0.228153E+05  0.227587E+05  0.000000E+00  0.171393E+05
  0.146355E-02  0.171438E+05  0.171103E+05  0.228112E+05  0.227507E+05  0.000000E+00  0.171381E+05
  0.151316E-02  0.171430E+05  0.171071E+05  0.228069E+05  0.227422E+05  0.000000E+00  0.171369E+05
  0.156445E-02  0.171421E+05  0.171038E+05  0.228022E+05  0.227331E+05  0.000000E+00  0.171356E+05
  0.161747E-02  0.171412E+05  0.171002E+05  0.227973E+05  0.227234E+05  0.000000E+00  0.171342E+05
  0.167230E-02  0.171401E+05  0.170963E+05  0.227919E+05  0.227130E+05  0.000000E+00  0.171327E+05
  0.172898E-02  0.171391E+05  0.170922E+05  0.227863E+05  0.227019E+05  0.000000E+00  0.171311E+05
  0.178758E-02  0.171379E+05  0.170879E+05  0.227802E+05  0.226901E+05  0.000000E+00  0.171294E+05
  0.184817E-02  0.171367E+05  0.170832E+05  0.227737E+05  0.226774E+05  0.000000E+00  0.171276E+05
  0.191082E-02  0.171353E+05  0.170782E+05  0.227668E+05  0.226639E+05  0.000000E+00  0.171256E+05
  0.197559E-02  0.171339E+05  0.170728E+05  0.227593E+05  0.226494E+05  0.000000E+00  0.171235E+05
  0.204255E-02  0.171324E+05  0.170671E+05  0.227514E+05  0.226340E+05  0.000000E+00  0.171213E+05
  0.211178E-02  0.171308E+05  0.170610E+05  0.227429E+05  0.226175E+05  0.000000E+00  0.171189E+05
  0.218336E-02  0.171291E+05  0.170545E+05  0.227339E+05  0.225999E+05  0.000000E+00  0.171164E+05
  0.225737E-02  0.171272E+05  0.170475E+05  0.227242E+05  0.225810E+05  0.000000E+00  0.171136E+05
  0.233388E-02  0.171253E+05  0.170400E+05  0.227139E+05  0.225609E+05  0.000000E+00  0.171107E+05
  0.241299E-02  0.171232E+05  0.170321E+05  0.227028E+05  0.225395E+05  0.000000E+00  0.171076E+05
  0.249477E-02  0.171209E+05  0.170236E+05  0.226911E+05  0.225165E+05  0.000000E+00  0.171043E+05
  0.257933E-02  0.171185E+05  0.170145E+05  0.226784E+05  0.224920E+05  0.000000E+00  0.171008E+05
  0.266676E-02  0.171159E+05  0.170047E+05  0.226650E+05  0.224659E+05  0.000000E+00  0.170970E+05
  0.275715E-02  0.171132E+05  0.169944E+05  0.226506E+05  0.224379E+05  0.000000E+00  0.170929E+05
  0.285060E-02  0.171102E+05  0.169833E+05  0.226352E+05  0.224081E+05  0.000000E+00  0.170886E+05
  0.294723E-02  0.171071E+05  0.169714E+05  0.226188E+05  0.223763E+05  0.000000E+00  0.170840E+05
  0.304712E-02  0.171037E+05  0.169588E+05  0.226012E+05  0.223423E+05  0.000000E+00  0.170790E+05
  0.315041E-02  0.171002E+05  0.169452E+05  0.225825E+05  0.223060E+05  0.000000E+00  0.170738E+05
  0.325719E-02  0.170963E+05  0.169308E+05  0.225625E+05  0.222672E+05  0.000000E+00  0.170681E+05
  0.336759E-02  0.170922E+05  0.169153E+05  0.225411E+05  0.222259E+05  0.000000E+00  0.170621E+05
  0.348174E-02  0.170879E+05  0.168989E+05  0.225182E+05  0.221818E+05  0.000000E+00  0.170557E+05
  0.359975E-02  0.170832E+05  0.168813E+05  0.224938E+05  0.221347E+05  0.000000E+00  0.170488E+05
  0.372177E-02  0.170782E+05  0.168624E+05  0.224677E+05  0.220845E+05  0.000000E+00  0.170414E+05
  0.384792E-02  0.170729E+05  0.168424E+05  0.224399E+05  0.220309E+05  0.000000E+00  0.170336E+05
  0.397834E-02  0.170672E+05  0.168209E+05  0.224102E+05  0.219738E+05  0.000000E+00  0.170252E+05
  0.411319E-02  0.170611E+05  0.167980E+05  0.223784E+05  0.219129E+05  0.000000E+00  0.170163E+05
  0.425260E-02  0.170546E+05  0.167735E+05  0.223445E+05  0.218479E+05  0.000000E+00  0.170067E+05
  0.439675E-02  0.170477E+05  0.167474E+05  0.223083E+05  0.217787E+05  0.000000E+00  0.169965E+05
  0.454577E-02  0.170402E+05  0.167195E+05  0.222697E+05  0.217048E+05  0.000000E+00  0.169856E+05
  0.469985E-02  0.170323E+05  0.166897E+05  0.222285E+05  0.216262E+05  0.000000E+00  0.169740E+05
  0.485916E-02  0.170239E+05  0.166580E+05  0.221845E+05  0.215424E+05  0.000000E+00  0.169615E+05
  0.502386E-02  0.170148E+05  0.166240E+05  0.221375E+05  0.214531E+05  0.000000E+00  0.169483E+05
  0.519414E-02  0.170052E+05  0.165878E+05  0.220873E+05  0.213580E+05  0.000000E+00  0.169341E+05
  0.537020E-02  0.169949E+05  0.165492E+05  0.220338E+05  0.212568E+05  0.000000E+00  0.169190E+05
  0.555222E-02  0.169839E+05  0.165080E+05  0.219768E+05  0.211491E+05  0.000000E+00  0.169028E+05
  0.574042E-02  0.169722E+05  0.164640E+05  0.219159E+05  0.210345E+05  0.000000E+00  0.168856E+05
  0.593499E-02  0.169597E+05  0.164171E+05  0.218509E+05  0.209126E+05  0.000000E+00  0.168672E+05
  0.613615E-02  0.169463E+05  0.163671E+05  0.217817E+05  0.207830E+05  0.000000E+00  0.168476E+05
  0.634414E-02  0.169320E+05  0.163137E+05  0.217078E+05  0.206452E+05  0.000000E+00  0.168267E+05
  0.655917E-02  0.169168E+05  0.162569E+05  0.216291E+05  0.204988E+05  0.000000E+00  0.168044E+05
  0.678150E-02  0.169005E+05  0.161962E+05  0.215452E+05  0.203433E+05  0.000000E+00  0.167805E+05
  0.701136E-02  0.168832E+05  0.161316E+05  0.214558E+05  0.201783E+05  0.000000E+00  0.167551E+05
  0.724901E-02  0.168647E+05  0.160627E+05  0.213605E+05  0.200031E+05  0.000000E+00  0.167281E+05
  0.749471E-02  0.168450E+05  0.159893E+05  0.212590E+05  0.198174E+05  0.000000E+00  0.166992E+05
  0.774875E-02  0.168239E+05  0.159112E+05  0.211509E+05  0.196206E+05  0.000000E+00  0.166684E+05
  0.801139E-02  0.168015E+05  0.158279E+05  0.210358E+05  0.194121E+05  0.000000E+00  0.166356E+05
  0.828294E-02  0.167776E+05  0.157393E+05  0.209133E+05  0.191913E+05  0.000000E+00  0.166007E+05
  0.856369E-02  0.167521E+05  0.156450E+05  0.207830E+05  0.189578E+05  0.000000E+00  0.165635E+05
  0.885396E-02  0.167249E+05  0.155447E+05  0.206443E+05  0.187110E+05  0.000000E+00  0.165239E+05
  0.915407E-02  0.166960E+05  0.154380E+05  0.204969E+05  0.184503E+05  0.000000E+00  0.164817E+05
  0.946434E-02  0.166652E+05  0.153245E+05  0.203402E+05  0.181751E+05  0.000000E+00  0.164368E+05
  0.978514E-02  0.166323E+05  0.152039E+05  0.201737E+05  0.178849E+05  0.000000E+00  0.163890E+05
  0.101168E-01  0.165974E+05  0.150758E+05  0.199968E+05  0.175793E+05  0.000000E+00  0.163381E+05
  0.104597E-01  0.165601E+05  0.149397E+05  0.198091E+05  0.172576E+05  0.000000E+00  0.162841E+05
  0.108143E-01  0.165205E+05  0.147953E+05  0.196098E+05  0.169195E+05  0.000000E+00  0.162266E+05
  0.111808E-01  0.164784E+05  0.146420E+05  0.193985E+05  0.165645E+05  0.000000E+00  0.161655E+05
  0.115598E-01  0.164336E+05  0.144795E+05  0.191745E+05  0.161923E+05  0.000000E+00  0.161007E+05
  0.119516E-01  0.163859E+05  0.143073E+05  0.189373E+05  0.158026E+05  0.000000E+00  0.160318E+05
  0.123567E-01  0.163353E+05  0.141249E+05  0.186860E+05  0.153951E+05  0.000000E+00  0.159587E+05
  0.127755E-01  0.162815E+05  0.139318E+05  0.184203E+05  0.149697E+05  0.000000E+00  0.158812E+05
  0.132086E-01  0.162244E+05  0.137276E+05  0.181393E+05  0.145264E+05  0.000000E+00  0.157990E+05
  0.136563E-01  0.161637E+05  0.135117E+05  0.178425E+05  0.140653E+05  0.000000E+00  0.157119E+05
  0.141191E-01  0.160994E+05  0.132838E+05  0.175293E+05  0.135866E+05  0.000000E+00  0.156197E+05
  0.145977E-01  0.160312E+05  0.130432E+05  0.171990E+05  0.130908E+05  0.000000E+00  0.155221E+05
  0.150925E-01  0.159589E+05  0.127897E+05  0.168510E+05  0.125783E+05  0.000000E+00  0.154189E+05
  0.156041E-01  0.158823E+05  0.125226E+05  0.164848E+05  0.120500E+05  0.000000E+00  0.153099E+05
  0.161330E-01  0.158012E+05  0.122417E+05  0.160998E+05  0.115068E+05  0.000000E+00  0.151947E+05
  0.166798E-01  0.157154E+05  0.119464E+05  0.156956E+05  0.109499E+05  0.000000E+00  0.150733E+05
  0.172452E-01  0.156247E+05  0.116366E+05  0.152718E+05  0.103807E+05  0.000000E+00  0.149452E+05
  0.178297E-01  0.155288E+05  0.113119E+05  0.148281E+05  0.980105E+04  0.000000E+00  0.148104E+05
  0.184340E-01  0.154277E+05  0.109720E+05  0.143642E+05  0.921279E+04  0.000000E+00  0.146685E+05
  0.190588E-01  0.153209E+05  0.106168E+05  0.138799E+05  0.861820E+04  0.000000E+00  0.145195E+05
  0.197048E-01  0.152084E+05  0.102463E+05  0.133754E+05  0.801981E+04  0.000000E+00  0.143630E+05
  0.203727E-01  0.150899E+05  0.986047E+04  0.128506E+05  0.742041E+04  0.000000E+00  0.141990E+05
  0.210633E-01  0.149653E+05  0.945949E+04  0.123061E+05  0.682307E+04  0.000000E+00  0.140273E+05
  0.217772E-01  0.148343E+05  0.904364E+04  0.117422E+05  0.623109E+04  0.000000E+00  0.138477E+05
  0.225154E-01  0.146967E+05  0.861335E+04  0.111597E+05  0.564799E+04  0.000000E+00  0.136603E+05
  0.232785E-01  0.145524E+05  0.816923E+04  0.105596E+05  0.507743E+04  0.000000E+00  0.134649E+05
  0.240676E-01  0.144013E+05  0.771209E+04  0.994312E+04  0.452322E+04  0.000000E+00  0.132616E+05
  0.248833E-01  0.142431E+05  0.724293E+04  0.931173E+04  0.398920E+04  0.000000E+00  0.130505E+05
  0.257268E-01  0.140778E+05  0.676299E+04  0.866730E+04  0.347914E+04  0.000000E+00  0.128316E+05
  0.265988E-01  0.139053E+05  0.627373E+04  0.801200E+04  0.299670E+04  0.000000E+00  0.126051E+05
  0.275003E-01  0.137256E+05  0.577689E+04  0.734835E+04  0.254529E+04  0.000000E+00  0.123714E+05
  0.284325E-01  0.135386E+05  0.527449E+04  0.667926E+04  0.212794E+04  0.000000E+00  0.121306E+05
  0.293962E-01  0.133442E+05  0.476884E+04  0.600801E+04  0.174720E+04  0.000000E+00  0.118832E+05
  0.303926E-01  0.131426E+05  0.426253E+04  0.533825E+04  0.140500E+04  0.000000E+00  0.116297E+05
  0.314227E-01  0.129338E+05  0.375847E+04  0.467407E+04  0.110253E+04  0.000000E+00  0.113706E+05
  0.324878E-01  0.127180E+05  0.325982E+04  0.401985E+04  0.840123E+03  0.000000E+00  0.111066E+05
  0.335890E-01  0.124992E+05  0.277336E+04  0.338454E+04  0.854927E+03  0.000000E+00  0.108422E+05
  0.347275E-01  0.122704E+05  0.229674E+04  0.276550E+04  0.701379E+03  0.000000E+00  0.105711E+05
  0.359046E-01  0.120352E+05  0.183679E+04  0.217166E+04  0.585924E+03  0.000000E+00  0.102977E+05
  0.371216E-01  0.117941E+05  0.139762E+04  0.160849E+04  0.504931E+03  0.000000E+00  0.100228E+05
  0.383798E-01  0.115472E+05  0.983486E+03  0.108156E+04  0.453844E+03  0.000000E+00  0.974748E+04
  0.396807E-01  0.112951E+05  0.598668E+03  0.596352E+03  0.427326E+03  0.000000E+00  0.947278E+04
  0.410257E-01  0.110383E+05  0.247408E+03  0.158200E+03  0.419504E+03  0.000000E+00  0.919981E+04
  0.424162E-01  0.107758E+05 -0.673012E+02 -0.229253E+03  0.302699E+03  0.000000E+00  0.892844E+04
  0.438539E-01  0.105106E+05 -0.339818E+03 -0.559224E+03  0.292485E+03  0.000000E+00  0.866198E+04
  0.453404E-01  0.102421E+05 -0.567722E+03 -0.829120E+03  0.280742E+03  0.000000E+00  0.840045E+04
  0.468772E-01  0.997111E+04 -0.748314E+03 -0.103619E+04  0.262924E+03  0.000000E+00  0.814484E+04
  0.484661E-01  0.969813E+04 -0.879695E+03 -0.117887E+04  0.235856E+03  0.000000E+00  0.789598E+04
  0.501089E-01  0.942395E+04 -0.960301E+03 -0.125642E+04  0.198037E+03  0.000000E+00  0.765478E+04
  0.518073E-01  0.914976E+04 -0.991069E+03 -0.127079E+04  0.225136E+03  0.000000E+00  0.742206E+04
  0.535634E-01  0.887533E+04 -0.973634E+03 -0.122553E+04  0.184822E+03  0.000000E+00  0.719736E+04
  0.553789E-01  0.860187E+04 -0.910480E+03 -0.112515E+04  0.142172E+03  0.000000E+00  0.698125E+04
  0.572560E-01  0.833012E+04 -0.805942E+03 -0.976526E+03  0.101822E+03  0.000000E+00  0.677360E+04
  0.591966E-01  0.806083E+04 -0.665886E+03 -0.788392E+03  0.686513E+02  0.000000E+00  0.657406E+04
  0.612031E-01  0.779442E+04 -0.497878E+03 -0.571435E+03 -0.381037E+01  0.000000E+00  0.638165E+04
  0.632776E-01  0.753214E+04 -0.310229E+03 -0.337055E+03 -0.240548E+02  0.000000E+00  0.619603E+04
  0.654224E-01  0.727439E+04 -0.112910E+03 -0.983007E+02 -0.313519E+02  0.000000E+00  0.601581E+04
  0.676399E-01  0.702179E+04  0.835122E+02  0.131526E+03 -0.272920E+02  0.000000E+00  0.583971E+04
  0.699326E-01  0.677485E+04  0.268135E+03  0.339318E+03 -0.156322E+02  0.000000E+00  0.566630E+04
  0.723029E-01  0.653420E+04  0.430493E+03  0.513185E+03  0.331783E+02  0.000000E+00  0.549431E+04
  0.747537E-01  0.629985E+04  0.560699E+03  0.642721E+03  0.524878E+02  0.000000E+00  0.532207E+04
  0.772874E-01  0.607217E+04  0.650843E+03  0.720633E+03  0.647355E+02  0.000000E+00  0.514854E+04
  0.799071E-01  0.585124E+04  0.695378E+03  0.743131E+03  0.670535E+02  0.000000E+00  0.497283E+04
  0.826156E-01  0.563704E+04  0.691840E+03  0.710599E+03  0.594354E+02  0.000000E+00  0.479453E+04
  0.854158E-01  0.542947E+04  0.641379E+03  0.627943E+03  0.447831E+02  0.000000E+00  0.461372E+04
  0.883110E-01  0.522828E+04  0.549081E+03  0.504552E+03  0.280297E+02  0.000000E+00  0.443108E+04
  0.913043E-01  0.503321E+04  0.423901E+03  0.353754E+03  0.144947E+02  0.000000E+00  0.424792E+04
  0.943991E-01  0.484392E+04  0.278166E+03  0.191734E+03  0.795081E+01  0.000000E+00  0.406605E+04
  0.975987E-01  0.466010E+04  0.126688E+03  0.359962E+02  0.914248E+01  0.000000E+00  0.388774E+04
  0.100907E+00  0.448143E+04 -0.146860E+02 -0.966494E+02  0.154563E+02  0.000000E+00  0.371543E+04
  0.104327E+00  0.430769E+04 -0.130810E+03 -0.192237E+03  0.220897E+02  0.000000E+00  0.355150E+04
  0.107863E+00  0.413867E+04 -0.209255E+03 -0.241736E+03  0.243854E+02  0.000000E+00  0.339791E+04
  0.111519E+00  0.397428E+04 -0.242204E+03 -0.242646E+03  0.202978E+02  0.000000E+00  0.325592E+04
  0.115299E+00  0.381450E+04 -0.228011E+03 -0.199765E+03  0.116356E+02  0.000000E+00  0.312577E+04
  0.119207E+00  0.365938E+04 -0.171974E+03 -0.124773E+03  0.314350E+01  0.000000E+00  0.300663E+04
  0.123248E+00  0.350902E+04 -0.860446E+02 -0.344867E+02 -0.346760E+00  0.000000E+00  0.289653E+04
  0.127425E+00  0.336356E+04  0.127012E+02  0.520703E+02  0.291805E+01  0.000000E+00  0.279267E+04
  0.131745E+00  0.322310E+04  0.104854E+03  0.117426E+03  0.103381E+02  0.000000E+00  0.269185E+04
  0.136210E+00  0.308772E+04  0.172307E+03  0.149429E+03  0.168330E+02  0.000000E+00  0.259102E+04
  0.140827E+00  0.295740E+04  0.202146E+03  0.144156E+03  0.188097E+02  0.000000E+00  0.248799E+04
  0.145600E+00  0.283204E+04  0.189878E+03  0.107009E+03  0.171081E+02  0.000000E+00  0.238189E+04
  0.150535E+00  0.271144E+04  0.140988E+03  0.513805E+02  0.160559E+02  0.000000E+00  0.227351E+04
  0.155638E+00  0.259537E+04  0.700943E+02 -0.505551E+01  0.189679E+02  0.000000E+00  0.216514E+04
  0.160913E+00  0.248356E+04 -0.253407E+01 -0.456462E+02  0.242151E+02  0.000000E+00  0.206000E+04
  0.166367E+00  0.237577E+04 -0.565667E+02 -0.600675E+02  0.262941E+02  0.000000E+00  0.196137E+04
  0.172006E+00  0.227183E+04 -0.777987E+02 -0.477159E+02  0.215055E+02  0.000000E+00  0.187153E+04
  0.177837E+00  0.217163E+04 -0.630074E+02 -0.176879E+02  0.121967E+02  0.000000E+00  0.179091E+04
  0.183864E+00  0.207513E+04 -0.213490E+02  0.150839E+02  0.423548E+01  0.000000E+00  0.171795E+04
  0.190096E+00  0.198231E+04  0.287129E+02  0.362442E+02  0.489521E+00  0.000000E+00  0.164948E+04
  0.196540E+00  0.189320E+04  0.664490E+02  0.382847E+02 -0.108950E+01  0.000000E+00  0.158198E+04
  0.203202E+00  0.180773E+04  0.773982E+02  0.236200E+02 -0.234284E+01  0.000000E+00  0.151293E+04
  0.210089E+00  0.172580E+04  0.596746E+02  0.265020E+01 -0.143593E+01  0.000000E+00  0.144194E+04
  0.217210E+00  0.164725E+04  0.247434E+02 -0.124181E+02  0.246939E+01  0.000000E+00  0.137082E+04
  0.224572E+00  0.157189E+04 -0.843186E+01 -0.146092E+02  0.502094E+01  0.000000E+00  0.130265E+04
  0.232184E+00  0.149957E+04 -0.234376E+02 -0.578054E+01  0.283415E+01  0.000000E+00  0.124009E+04
  0.240054E+00  0.143015E+04 -0.153311E+02  0.562611E+01 -0.906196E-01  0.000000E+00  0.118388E+04
  0.248191E+00  0.136356E+04  0.700465E+01  0.111421E+02  0.507478E+00  0.000000E+00  0.113244E+04
  0.256603E+00  0.129976E+04  0.270819E+02  0.829232E+01  0.152028E+01  0.000000E+00  0.108293E+04
  0.265301E+00  0.123869E+04  0.319732E+02  0.143851E+01  0.564670E+00  0.000000E+00  0.103310E+04
  0.274293E+00  0.118027E+04  0.208571E+02 -0.296004E+01  0.134981E+01  0.000000E+00  0.982737E+03
  0.283590E+00  0.112438E+04  0.452188E+01 -0.219016E+01  0.358861E+01  0.000000E+00  0.933591E+03
  0.293203E+00  0.107091E+04 -0.399443E+01  0.117143E+01  0.340417E+01  0.000000E+00  0.887780E+03
  0.303141E+00  0.101975E+04 -0.573381E-01  0.298051E+01  0.300603E+01  0.000000E+00  0.846004E+03
  0.313416E+00  0.970808E+03  0.973578E+01  0.200982E+01  0.304283E+01  0.000000E+00  0.807070E+03
  0.324039E+00  0.924023E+03  0.149328E+02  0.310253E+00  0.793369E+00  0.000000E+00  0.769141E+03
  0.335023E+00  0.879320E+03  0.114925E+02 -0.111609E+00 -0.573781E+00  0.000000E+00  0.731468E+03
  0.346378E+00  0.836623E+03  0.466319E+01  0.466012E+00 -0.400596E+00  0.000000E+00  0.694881E+03
  0.358119E+00  0.795842E+03  0.198445E+01  0.770494E+00  0.140577E+00  0.000000E+00  0.660592E+03
  0.370257E+00  0.756902E+03  0.477840E+01  0.567095E+00  0.122393E+01  0.000000E+00  0.628762E+03
  0.382807E+00  0.719728E+03  0.790800E+01  0.396697E+00  0.106194E+00  0.000000E+00  0.598455E+03
  0.395783E+00  0.684253E+03  0.719558E+01  0.349427E+00  0.456410E-01  0.000000E+00  0.568903E+03
  0.409198E+00  0.650408E+03  0.436161E+01  0.251881E+00  0.568006E+00  0.000000E+00  0.540341E+03
  0.423068E+00  0.618125E+03  0.340816E+01  0.250162E+00  0.100649E+01  0.000000E+00  0.513395E+03
  0.437407E+00  0.587342E+03  0.463815E+01  0.343679E+00  0.103259E+01  0.000000E+00  0.488067E+03
  0.452233E+00  0.557999E+03  0.519531E+01  0.250440E+00  0.799431E+00  0.000000E+00  0.463817E+03
  0.467562E+00  0.530033E+03  0.415249E+01  0.103856E+00  0.747996E-02  0.000000E+00  0.440438E+03
  0.483410E+00  0.503382E+03  0.337149E+01  0.181216E+00 -0.198858E+00  0.000000E+00  0.418195E+03
  0.499795E+00  0.477993E+03  0.365225E+01  0.229255E+00  0.185708E-01  0.000000E+00  0.397179E+03
  0.516736E+00  0.453811E+03  0.375044E+01  0.991823E-01  0.487965E+00  0.000000E+00  0.377134E+03
  0.534250E+00  0.430784E+03  0.324455E+01  0.886298E-01 -0.121214E+00  0.000000E+00  0.357944E+03
  0.552359E+00  0.408861E+03  0.298545E+01  0.155792E+00  0.349155E+00  0.000000E+00  0.339712E+03
  0.571081E+00  0.387993E+03  0.301754E+01  0.866533E-01  0.549906E+00  0.000000E+00  0.322405E+03
  0.590438E+00  0.368135E+03  0.282528E+01  0.611751E-01  0.191420E+00  0.000000E+00  0.305897E+03
  0.610451E+00  0.349240E+03  0.259541E+01  0.102099E+00 -0.940578E-02  0.000000E+00  0.290182E+03
  0.631142E+00  0.331268E+03  0.251770E+01  0.567127E-01 -0.320612E-01  0.000000E+00  0.275258E+03
  0.652535E+00  0.314175E+03  0.238776E+01  0.545425E-01  0.150695E+00  0.000000E+00  0.261055E+03
  0.674653E+00  0.297923E+03  0.223465E+01  0.633684E-01 -0.155322E-02  0.000000E+00  0.247546E+03
  0.697520E+00  0.282472E+03  0.213342E+01  0.372832E-01  0.224077E+00  0.000000E+00  0.234710E+03
  0.721163E+00  0.267786E+03  0.202006E+01  0.473928E-01  0.252915E+00  0.000000E+00  0.222507E+03
  0.745607E+00  0.253829E+03  0.190829E+01  0.337656E-01  0.479619E-02  0.000000E+00  0.210909E+03
  0.770879E+00  0.240565E+03  0.180820E+01  0.338523E-01 -0.621977E-01  0.000000E+00  0.199888E+03
  0.797008E+00  0.227965E+03  0.171028E+01  0.283737E-01  0.842586E-01  0.000000E+00  0.189418E+03
  0.824022E+00  0.215997E+03  0.161980E+01  0.258653E-01  0.240061E-03  0.000000E+00  0.179474E+03
  0.851953E+00  0.204632E+03  0.153181E+01  0.225578E-01  0.146783E+00  0.000000E+00  0.170029E+03
  0.880830E+00  0.193841E+03  0.145074E+01  0.202200E-01 -0.543638E-01  0.000000E+00  0.161063E+03
  0.910686E+00  0.183597E+03  0.137375E+01  0.177915E-01 -0.172979E-01  0.000000E+00  0.152552E+03
  0.941553E+00  0.173875E+03  0.129959E+01  0.158038E-01  0.553665E-01  0.000000E+00  0.144473E+03
  0.973468E+00  0.164647E+03  0.123013E+01  0.140200E-01  0.356265E-01  0.000000E+00  0.136806E+03
  0.100646E+01  0.155891E+03  0.116352E+01  0.123992E-01  0.380394E-01  0.000000E+00  0.129530E+03
  0.104058E+01  0.147583E+03  0.110087E+01  0.109751E-01 -0.184853E-02  0.000000E+00  0.122627E+03
  0.107585E+01  0.139701E+03  0.104188E+01  0.974528E-02  0.457133E-01  0.000000E+00  0.116077E+03
  0.111231E+01  0.132226E+03  0.985959E+00  0.861107E-02  0.193281E-01  0.000000E+00  0.109866E+03
  0.115002E+01  0.125137E+03  0.933002E+00  0.762998E-02  0.171705E-02  0.000000E+00  0.103976E+03
  0.118900E+01  0.118415E+03  0.882219E+00  0.675629E-02  0.206061E-01  0.000000E+00  0.983913E+02
  0.122930E+01  0.112043E+03  0.833955E+00  0.598169E-02  0.166695E-01  0.000000E+00  0.930964E+02
  0.127096E+01  0.106003E+03  0.788401E+00  0.529273E-02  0.382343E-01  0.000000E+00  0.880773E+02
  0.131404E+01  0.100278E+03  0.745737E+00  0.468448E-02 -0.230726E-01  0.000000E+00  0.833203E+02
  0.135858E+01  0.948523E+02  0.705527E+00  0.414677E-02  0.189787E-01  0.000000E+00  0.788125E+02
  0.140463E+01  0.897115E+02  0.667254E+00  0.366871E-02  0.176225E-01  0.000000E+00  0.745410E+02
  0.145224E+01  0.848408E+02  0.630727E+00  0.324615E-02 -0.146818E-01  0.000000E+00  0.704939E+02
  0.150147E+01  0.802261E+02  0.596167E+00  0.287268E-02  0.821704E-02  0.000000E+00  0.666595E+02
  0.155236E+01  0.758555E+02  0.563661E+00  0.254072E-02  0.734866E-02  0.000000E+00  0.630280E+02
  0.160498E+01  0.717163E+02  0.532852E+00  0.224733E-02  0.337260E-02  0.000000E+00  0.595887E+02
  0.165938E+01  0.677968E+02  0.503458E+00  0.198820E-02  0.108609E-01  0.000000E+00  0.563320E+02
  0.171562E+01  0.640858E+02  0.475634E+00  0.175831E-02 -0.158897E-02  0.000000E+00  0.532485E+02
  0.177377E+01  0.605723E+02  0.449555E+00  0.155501E-02  0.161002E-01  0.000000E+00  0.503292E+02
  0.183390E+01  0.572466E+02  0.424947E+00  0.137470E-02  0.427238E-02  0.000000E+00  0.475659E+02
  0.189606E+01  0.540986E+02  0.401501E+00  0.121551E-02  0.130119E-01  0.000000E+00  0.449502E+02
  0.196032E+01  0.511192E+02  0.379328E+00  0.107465E-02  0.592052E-02  0.000000E+00  0.424746E+02
  0.202677E+01  0.482996E+02  0.358428E+00  0.949960E-03  0.494584E-02  0.000000E+00  0.401319E+02
  0.209547E+01  0.456319E+02  0.338551E+00  0.839721E-03  0.768826E-02  0.000000E+00  0.379153E+02
  0.216649E+01  0.431079E+02  0.319686E+00  0.742207E-03  0.532380E-02  0.000000E+00  0.358181E+02
  0.223993E+01  0.407204E+02  0.301958E+00  0.655942E-03  0.612653E-02  0.000000E+00  0.338343E+02
  0.231585E+01  0.384620E+02  0.285200E+00  0.579700E-03  0.591373E-02  0.000000E+00  0.319578E+02
  0.239434E+01  0.363260E+02  0.269341E+00  0.512255E-03  0.111727E-02  0.000000E+00  0.301830E+02
  0.247550E+01  0.343059E+02  0.254397E+00  0.452667E-03  0.369865E-02  0.000000E+00  0.285045E+02
  0.255941E+01  0.323956E+02  0.240219E+00  0.399909E-03 -0.899360E-03  0.000000E+00  0.269172E+02
  0.264616E+01  0.305892E+02  0.226780E+00  0.353272E-03  0.830591E-03  0.000000E+00  0.254164E+02
  0.273585E+01  0.288815E+02  0.214088E+00  0.312092E-03  0.602039E-02  0.000000E+00  0.239974E+02
  0.282858E+01  0.272672E+02  0.202081E+00  0.275688E-03 -0.122696E-03  0.000000E+00  0.226561E+02
  0.292446E+01  0.257413E+02  0.190773E+00  0.243481E-03  0.402555E-03  0.000000E+00  0.213882E+02
  0.302358E+01  0.242989E+02  0.180095E+00  0.215051E-03  0.261105E-02  0.000000E+00  0.201898E+02
  0.312607E+01  0.229357E+02  0.170002E+00  0.189916E-03  0.125336E-02  0.000000E+00  0.190571E+02
  0.323203E+01  0.216475E+02  0.160446E+00  0.167695E-03  0.313414E-03  0.000000E+00  0.179868E+02
  0.334158E+01  0.204302E+02  0.151399E+00  0.148071E-03  0.349671E-03  0.000000E+00  0.169753E+02
  0.345484E+01  0.192802E+02  0.142855E+00  0.130747E-03 -0.501956E-03  0.000000E+00  0.160197E+02
  0.357194E+01  0.181936E+02  0.134801E+00  0.115428E-03  0.901634E-03  0.000000E+00  0.151169E+02
  0.369301E+01  0.171672E+02  0.127205E+00  0.101905E-03  0.243084E-02  0.000000E+00  0.142641E+02
  0.381819E+01  0.161975E+02  0.120029E+00  0.899581E-04  0.998909E-03  0.000000E+00  0.134584E+02
  0.394761E+01  0.152816E+02  0.113236E+00  0.794070E-04  0.975519E-04  0.000000E+00  0.126974E+02
  0.408141E+01  0.144166E+02  0.106813E+00  0.700878E-04  0.711389E-03  0.000000E+00  0.119787E+02
  0.421975E+01  0.135998E+02  0.100750E+00  0.618584E-04  0.862881E-03  0.000000E+00  0.113000E+02
  0.436278E+01  0.128285E+02  0.950396E-01  0.545917E-04  0.647960E-03  0.000000E+00  0.106591E+02
  0.451066E+01  0.121001E+02  0.896510E-01  0.481749E-04  0.786481E-03  0.000000E+00  0.100539E+02
  0.466355E+01  0.114124E+02  0.845570E-01  0.425087E-04  0.587625E-03  0.000000E+00  0.948244E+01
  0.482162E+01  0.107631E+02  0.797372E-01  0.375075E-04 -0.286242E-03  0.000000E+00  0.894296E+01
  0.498505E+01  0.101502E+02  0.751898E-01  0.330945E-04 -0.191091E-03  0.000000E+00  0.843371E+01
  0.515402E+01  0.957164E+01  0.709058E-01  0.291974E-04  0.699440E-03  0.000000E+00  0.795300E+01
  0.532871E+01  0.902555E+01  0.668672E-01  0.257593E-04  0.343687E-03  0.000000E+00  0.749925E+01
  0.550933E+01  0.851009E+01  0.630486E-01  0.227225E-04  0.113085E-03  0.000000E+00  0.707097E+01
  0.569607E+01  0.802364E+01  0.594382E-01  0.200444E-04  0.168610E-03  0.000000E+00  0.666678E+01
  0.588914E+01  0.756460E+01  0.560342E-01  0.176803E-04 -0.147943E-03  0.000000E+00  0.628536E+01
  0.608875E+01  0.713142E+01  0.528287E-01  0.155943E-04  0.112532E-03  0.000000E+00  0.592544E+01
  0.629513E+01  0.672267E+01  0.498047E-01  0.137534E-04  0.366068E-04  0.000000E+00  0.558581E+01
  0.650850E+01  0.633701E+01  0.469454E-01  0.121294E-04 -0.116353E-03  0.000000E+00  0.526537E+01
  0.672911E+01  0.597318E+01  0.442457E-01  0.106962E-04 -0.194940E-04  0.000000E+00  0.496306E+01
  0.695719E+01  0.562996E+01  0.417046E-01  0.943221E-05  0.320790E-03  0.000000E+00  0.467788E+01
  0.719301E+01  0.530616E+01  0.393092E-01  0.831718E-05  0.171239E-03  0.000000E+00  0.440885E+01
  0.743682E+01  0.500073E+01  0.370458E-01  0.733333E-05  0.830171E-04  0.000000E+00  0.415506E+01
  0.768889E+01  0.471266E+01  0.349089E-01  0.646570E-05 -0.172407E-04  0.000000E+00  0.391571E+01
  0.794951E+01  0.444097E+01  0.328967E-01  0.570031E-05 -0.182984E-04  0.000000E+00  0.368996E+01
  0.821895E+01  0.418473E+01  0.310013E-01  0.502540E-05  0.411759E-04  0.000000E+00  0.347706E+01
  0.849754E+01  0.394308E+01  0.292104E-01  0.443014E-05  0.391680E-04  0.000000E+00  0.327627E+01
  0.878556E+01  0.371521E+01  0.275202E-01  0.390526E-05 -0.202965E-04  0.000000E+00  0.308694E+01
  0.908335E+01  0.350035E+01  0.259296E-01  0.344238E-05  0.103168E-03  0.000000E+00  0.290841E+01
  0.939123E+01  0.329776E+01  0.244306E-01  0.303416E-05  0.396645E-04  0.000000E+00  0.274008E+01
  0.970955E+01  0.310675E+01  0.230140E-01  0.267426E-05 -0.668410E-04  0.000000E+00  0.258137E+01
  0.100386E+02  0.292668E+01  0.216795E-01  0.235698E-05  0.312808E-04  0.000000E+00  0.243175E+01
  0.103789E+02  0.275691E+01  0.204236E-01  0.207717E-05 -0.207467E-04  0.000000E+00  0.229070E+01
  0.107307E+02  0.259688E+01  0.192380E-01  0.183056E-05 -0.139057E-05  0.000000E+00  0.215773E+01
  0.110944E+02  0.244603E+01  0.181193E-01  0.161311E-05  0.246259E-04  0.000000E+00  0.203239E+01
  0.114705E+02  0.230385E+01  0.170668E-01  0.142142E-05  0.154021E-04  0.000000E+00  0.191425E+01
  0.118593E+02  0.216983E+01  0.160747E-01  0.125249E-05  0.328044E-05  0.000000E+00  0.180289E+01
  0.122612E+02  0.204352E+01  0.151379E-01  0.110358E-05  0.263029E-04  0.000000E+00  0.169794E+01
  0.126768E+02  0.192449E+01  0.142566E-01  0.972328E-06 -0.553125E-05  0.000000E+00  0.159904E+01
  0.131065E+02  0.181231E+01  0.134262E-01  0.856646E-06  0.446891E-05  0.000000E+00  0.150583E+01
  0.135508E+02  0.170660E+01  0.126424E-01  0.754704E-06  0.506757E-04  0.000000E+00  0.141800E+01
  0.140101E+02  0.160700E+01  0.119048E-01  0.664863E-06  0.232233E-04  0.000000E+00  0.133524E+01
  0.144849E+02  0.151315E+01  0.112100E-01  0.585697E-06 -0.549451E-05  0.000000E+00  0.125726E+01
  0.149759E+02  0.142472E+01  0.105543E-01  0.515928E-06  0.620056E-05  0.000000E+00  0.118378E+01
  0.154835E+02  0.134141E+01  0.993745E-02  0.454464E-06  0.113541E-05  0.000000E+00  0.111456E+01
  0.160083E+02  0.126291E+01  0.935619E-02  0.400301E-06 -0.116070E-04  0.000000E+00  0.104934E+01
  0.165509E+02  0.118897E+01  0.880801E-02  0.352574E-06  0.295452E-04  0.000000E+00  0.987907E+00
  0.171119E+02  0.111932E+01  0.829245E-02  0.310532E-06 -0.490430E-05  0.000000E+00  0.930031E+00
  0.176919E+02  0.105370E+01  0.780624E-02  0.273488E-06 -0.343628E-05  0.000000E+00  0.875512E+00
  0.182916E+02  0.991897E+00  0.734826E-02  0.240856E-06  0.128498E-04  0.000000E+00  0.824159E+00
  0.189116E+02  0.933683E+00  0.691732E-02  0.212109E-06  0.118415E-04  0.000000E+00  0.775790E+00
  0.195526E+02  0.878853E+00  0.651081E-02  0.186787E-06  0.142401E-04  0.000000E+00  0.730232E+00
  0.202154E+02  0.827214E+00  0.612848E-02  0.164482E-06  0.181972E-04  0.000000E+00  0.687326E+00
  0.209006E+02  0.778581E+00  0.576814E-02  0.144835E-06 -0.266866E-06  0.000000E+00  0.646917E+00
  0.216090E+02  0.732783E+00  0.542880E-02  0.127531E-06 -0.702711E-05  0.000000E+00  0.608863E+00
  0.223414E+02  0.689654E+00  0.510946E-02  0.112289E-06  0.471692E-06  0.000000E+00  0.573028E+00
  0.230987E+02  0.649041E+00  0.480841E-02  0.988663E-07 -0.205333E-05  0.000000E+00  0.539283E+00
  0.238816E+02  0.610800E+00  0.452531E-02  0.870453E-07 -0.548157E-05  0.000000E+00  0.507508E+00
  0.246911E+02  0.574789E+00  0.425837E-02  0.766343E-07 -0.695337E-05  0.000000E+00  0.477588E+00
  0.255280E+02  0.540887E+00  0.400735E-02  0.674660E-07  0.111256E-04  0.000000E+00  0.449418E+00
  0.263933E+02  0.508966E+00  0.377078E-02  0.593929E-07  0.232583E-06  0.000000E+00  0.422895E+00
  0.272879E+02  0.478914E+00  0.354822E-02  0.522846E-07 -0.689076E-05  0.000000E+00  0.397926E+00
  0.282128E+02  0.450621E+00  0.333856E-02  0.460248E-07  0.728761E-05  0.000000E+00  0.374418E+00
  0.291691E+02  0.423988E+00  0.314129E-02  0.405134E-07  0.120059E-04  0.000000E+00  0.352288E+00
  0.301578E+02  0.398914E+00  0.295550E-02  0.356609E-07  0.410535E-05  0.000000E+00  0.331455E+00
  0.311800E+02  0.375313E+00  0.278068E-02  0.313887E-07  0.102989E-04  0.000000E+00  0.311845E+00
  0.322368E+02  0.353097E+00  0.261606E-02  0.276273E-07  0.549768E-05  0.000000E+00  0.293385E+00
  0.333295E+02  0.332185E+00  0.246117E-02  0.243161E-07 -0.445914E-05  0.000000E+00  0.276010E+00
  0.344592E+02  0.312503E+00  0.231531E-02  0.214010E-07 -0.430957E-05  0.000000E+00  0.259656E+00
  0.356272E+02  0.293978E+00  0.217811E-02  0.188347E-07 -0.637202E-05  0.000000E+00  0.244264E+00
  0.368348E+02  0.276543E+00  0.204889E-02  0.165755E-07  0.264376E-05  0.000000E+00  0.229777E+00
  0.380833E+02  0.260134E+00  0.192736E-02  0.145871E-07 -0.386152E-05  0.000000E+00  0.216143E+00
  0.393741E+02  0.244692E+00  0.181292E-02  0.128367E-07  0.505622E-05  0.000000E+00  0.203313E+00
  0.407088E+02  0.230159E+00  0.170527E-02  0.112961E-07 -0.303919E-05  0.000000E+00  0.191238E+00
  0.420886E+02  0.216484E+00  0.160396E-02  0.994001E-08  0.524009E-05  0.000000E+00  0.179875E+00
  0.435152E+02  0.203616E+00  0.150860E-02  0.874652E-08  0.570643E-05  0.000000E+00  0.169183E+00
  0.449901E+02  0.191507E+00  0.141891E-02  0.769624E-08 -0.464546E-05  0.000000E+00  0.159122E+00
  0.465151E+02  0.180113E+00  0.133447E-02  0.677171E-08  0.141533E-05  0.000000E+00  0.149655E+00
  0.480917E+02  0.169392E+00  0.125505E-02  0.595809E-08  0.270315E-05  0.000000E+00  0.140747E+00
  0.497218E+02  0.159305E+00  0.118032E-02  0.524215E-08 -0.820622E-06  0.000000E+00  0.132365E+00
  0.514071E+02  0.149815E+00  0.110999E-02  0.461211E-08 -0.432195E-05  0.000000E+00  0.124480E+00
  0.531495E+02  0.140886E+00  0.104385E-02  0.405762E-08  0.256851E-06  0.000000E+00  0.117061E+00
  0.549511E+02  0.132486E+00  0.981617E-03  0.356969E-08  0.402258E-05  0.000000E+00  0.110082E+00
  0.568136E+02  0.124584E+00  0.923054E-03  0.314041E-08  0.306662E-05  0.000000E+00  0.103516E+00
  0.587394E+02  0.117150E+00  0.867977E-03  0.276264E-08  0.287488E-05  0.000000E+00  0.973389E-01
  0.607303E+02  0.110157E+00  0.816169E-03  0.243028E-08  0.196828E-05  0.000000E+00  0.915283E-01
  0.627888E+02  0.103578E+00  0.767418E-03  0.213784E-08  0.163872E-06  0.000000E+00  0.860622E-01
  0.649170E+02  0.973902E-01  0.721568E-03  0.188055E-08 -0.333318E-06  0.000000E+00  0.809207E-01
  0.671174E+02  0.915694E-01  0.678447E-03  0.165415E-08  0.178299E-05  0.000000E+00  0.760843E-01
  0.693923E+02  0.860946E-01  0.637881E-03  0.145499E-08  0.195568E-05  0.000000E+00  0.715353E-01
  0.717444E+02  0.809450E-01  0.599720E-03  0.127978E-08  0.933161E-06  0.000000E+00  0.672565E-01
  0.741761E+02  0.761017E-01  0.563832E-03  0.112563E-08  0.132324E-05  0.000000E+00  0.632323E-01
  0.766904E+02  0.715463E-01  0.530082E-03  0.990038E-09 -0.151612E-05  0.000000E+00  0.594473E-01
  0.792898E+02  0.672622E-01  0.498339E-03  0.870756E-09 -0.222419E-05  0.000000E+00  0.558876E-01
  0.819773E+02  0.632330E-01  0.468484E-03  0.765817E-09 -0.155612E-05  0.000000E+00  0.525397E-01
  0.847559E+02  0.594438E-01  0.440405E-03  0.673504E-09  0.156632E-05  0.000000E+00  0.493914E-01
  0.876288E+02  0.558803E-01  0.414000E-03  0.592316E-09 -0.153259E-05  0.000000E+00  0.464305E-01
  0.905989E+02  0.525293E-01  0.389170E-03  0.520894E-09  0.278612E-06  0.000000E+00  0.436462E-01
  0.936699E+02  0.493780E-01  0.365820E-03  0.458080E-09 -0.179742E-05  0.000000E+00  0.410278E-01
  0.968448E+02  0.464147E-01  0.343863E-03  0.402826E-09 -0.128171E-05  0.000000E+00  0.385656E-01
  0.100127E+03  0.436284E-01  0.323218E-03  0.354227E-09  0.151195E-05  0.000000E+00  0.362505E-01
  0.103521E+03  0.410085E-01  0.303804E-03  0.311489E-09 -0.126189E-06  0.000000E+00  0.340736E-01
  0.107030E+03  0.385449E-01  0.285548E-03  0.273901E-09 -0.149572E-05  0.000000E+00  0.320266E-01
  0.110658E+03  0.362286E-01  0.268385E-03  0.240837E-09  0.138590E-05  0.000000E+00  0.301021E-01
  0.114409E+03  0.340508E-01  0.252247E-03  0.211768E-09 -0.142116E-05  0.000000E+00  0.282925E-01
  0.118286E+03  0.320032E-01  0.237074E-03  0.186200E-09 -0.130144E-05  0.000000E+00  0.265912E-01
  0.122296E+03  0.300780E-01  0.222808E-03  0.163711E-09  0.106397E-05  0.000000E+00  0.249916E-01
  0.126441E+03  0.282682E-01  0.209396E-03  0.143938E-09  0.127103E-05  0.000000E+00  0.234878E-01
  0.130727E+03  0.265666E-01  0.196787E-03  0.126551E-09  0.106791E-05  0.000000E+00  0.220740E-01
  0.135158E+03  0.249670E-01  0.184934E-03  0.111262E-09  0.524459E-06  0.000000E+00  0.207449E-01
  0.139739E+03  0.234632E-01  0.173789E-03  0.978167E-10  0.792330E-06  0.000000E+00  0.194953E-01
  0.144475E+03  0.220495E-01  0.163313E-03  0.859954E-10  0.596624E-07  0.000000E+00  0.183208E-01
  0.149372E+03  0.207206E-01  0.153466E-03  0.756000E-10  0.739079E-06  0.000000E+00  0.172166E-01
  0.154436E+03  0.194714E-01  0.144208E-03  0.664611E-10 -0.359702E-06  0.000000E+00  0.161786E-01
  0.159670E+03  0.182971E-01  0.135506E-03  0.584240E-10  0.634111E-06  0.000000E+00  0.152029E-01
  0.165082E+03  0.171934E-01  0.127327E-03  0.513596E-10 -0.510725E-06  0.000000E+00  0.142858E-01
  0.170677E+03  0.161559E-01  0.119638E-03  0.451475E-10 -0.738426E-06  0.000000E+00  0.134238E-01
  0.176463E+03  0.151806E-01  0.112411E-03  0.396853E-10  0.106280E-06  0.000000E+00  0.126135E-01
  0.182444E+03  0.142641E-01  0.105618E-03  0.348836E-10  0.209834E-06  0.000000E+00  0.118519E-01
  0.188628E+03  0.134026E-01  0.992338E-04  0.306623E-10  0.115843E-06  0.000000E+00  0.111361E-01
  0.195021E+03  0.125928E-01  0.932331E-04  0.269508E-10  0.587678E-06  0.000000E+00  0.104633E-01
  0.201632E+03  0.118318E-01  0.875930E-04  0.236888E-10 -0.560947E-06  0.000000E+00  0.983091E-02
  0.208466E+03  0.111166E-01  0.822924E-04  0.208205E-10  0.211106E-06  0.000000E+00  0.923664E-02
  0.215532E+03  0.104444E-01  0.773110E-04  0.182991E-10  0.513382E-06  0.000000E+00  0.867813E-02
  0.222837E+03  0.981266E-02  0.726293E-04  0.160833E-10 -0.459682E-06  0.000000E+00  0.815325E-02
  0.230391E+03  0.921896E-02  0.682292E-04  0.141349E-10 -0.290730E-06  0.000000E+00  0.765995E-02
  0.238200E+03  0.866106E-02  0.640944E-04  0.124222E-10  0.431346E-06  0.000000E+00  0.719639E-02
  0.246273E+03  0.813677E-02  0.602087E-04  0.109172E-10  0.114819E-06  0.000000E+00  0.676076E-02
  0.254621E+03  0.764406E-02  0.565571E-04  0.959393E-11  0.379858E-06  0.000000E+00  0.635137E-02
  0.263252E+03  0.718109E-02  0.531257E-04  0.843113E-11  0.641697E-07  0.000000E+00  0.596669E-02
  0.272174E+03  0.674603E-02  0.499013E-04  0.740908E-11 -0.241716E-06  0.000000E+00  0.560521E-02
  0.281400E+03  0.633723E-02  0.468714E-04  0.651059E-11  0.202133E-06  0.000000E+00  0.526554E-02
  0.290938E+03  0.595308E-02  0.440242E-04  0.572099E-11  0.126636E-06  0.000000E+00  0.494635E-02
  0.300799E+03  0.559214E-02  0.413490E-04  0.502705E-11  0.144825E-06  0.000000E+00  0.464645E-02
  0.310995E+03  0.525300E-02  0.388353E-04  0.441718E-11 -0.108811E-06  0.000000E+00  0.436466E-02
  0.321536E+03  0.493434E-02  0.364734E-04  0.388124E-11 -0.186285E-06  0.000000E+00  0.409989E-02
  0.332435E+03  0.463492E-02  0.342540E-04  0.341010E-11  0.524224E-07  0.000000E+00  0.385110E-02
  0.343702E+03  0.435361E-02  0.321689E-04  0.299621E-11 -0.224683E-06  0.000000E+00  0.361737E-02
  0.355352E+03  0.408931E-02  0.302099E-04  0.263242E-11  0.197405E-07  0.000000E+00  0.339776E-02
  0.367397E+03  0.384100E-02  0.283692E-04  0.231277E-11 -0.154141E-06  0.000000E+00  0.319144E-02
  0.379850E+03  0.360769E-02  0.266398E-04  0.203184E-11 -0.202084E-06  0.000000E+00  0.299758E-02
  0.392725E+03  0.338850E-02  0.250150E-04  0.178497E-11  0.630135E-07  0.000000E+00  0.281546E-02
  0.406036E+03  0.318259E-02  0.234887E-04  0.156805E-11  0.164939E-06  0.000000E+00  0.264437E-02
  0.419799E+03  0.298913E-02  0.220546E-04  0.137747E-11  0.874042E-07  0.000000E+00  0.248363E-02
  0.434028E+03  0.280740E-02  0.207074E-04  0.121004E-11 -0.151846E-06  0.000000E+00  0.233263E-02
  0.448740E+03  0.263667E-02  0.194418E-04  0.106288E-11  0.586397E-07  0.000000E+00  0.219078E-02
  0.463949E+03  0.247630E-02  0.182528E-04  0.933596E-12  0.815258E-07  0.000000E+00  0.205752E-02
  0.479676E+03  0.232563E-02  0.171358E-04  0.820014E-12  0.427407E-07  0.000000E+00  0.193233E-02
  0.495934E+03  0.218410E-02  0.160866E-04  0.720246E-12 -0.129235E-06  0.000000E+00  0.181474E-02
  0.512744E+03  0.205116E-02  0.151010E-04  0.632577E-12 -0.666891E-07  0.000000E+00  0.170428E-02
  0.530123E+03  0.192628E-02  0.141751E-04  0.555551E-12 -0.681114E-07  0.000000E+00  0.160051E-02
  0.548092E+03  0.180897E-02  0.133054E-04  0.487882E-12 -0.169438E-07  0.000000E+00  0.150304E-02
  0.566670E+03  0.169879E-02  0.124884E-04  0.428439E-12  0.100053E-06  0.000000E+00  0.141149E-02
  0.585877E+03  0.159529E-02  0.117210E-04  0.376236E-12 -0.728481E-07  0.000000E+00  0.132550E-02
  0.605735E+03  0.149808E-02  0.110002E-04  0.330363E-12  0.889932E-07  0.000000E+00  0.124473E-02
  0.626267E+03  0.140677E-02  0.103231E-04  0.290079E-12  0.317490E-07  0.000000E+00  0.116885E-02
  0.647494E+03  0.132100E-02  0.968718E-05  0.254694E-12 -0.630733E-07  0.000000E+00  0.109759E-02
  0.669441E+03  0.124045E-02  0.908985E-05  0.223614E-12 -0.547347E-07  0.000000E+00  0.103067E-02
  0.692132E+03  0.116480E-02  0.852878E-05  0.196311E-12 -0.600160E-07  0.000000E+00  0.967801E-03
  0.715592E+03  0.109374E-02  0.800183E-05  0.172336E-12 -0.682581E-07  0.000000E+00  0.908762E-03
  0.739846E+03  0.102700E-02  0.750690E-05  0.151276E-12  0.392156E-07  0.000000E+00  0.853312E-03
  0.764923E+03  0.964328E-03  0.704206E-05  0.132785E-12 -0.458385E-07  0.000000E+00  0.801235E-03
  0.790852E+03  0.905458E-03  0.660543E-05  0.116541E-12  0.457049E-07  0.000000E+00  0.752320E-03
  0.817657E+03  0.850176E-03  0.619539E-05  0.102283E-12  0.379258E-07  0.000000E+00  0.706387E-03
  0.845371E+03  0.798259E-03  0.581030E-05  0.897618E-13  0.147460E-07  0.000000E+00  0.663249E-03
  0.874025E+03  0.749502E-03  0.544864E-05  0.787655E-13  0.420766E-07  0.000000E+00  0.622737E-03
  0.903651E+03  0.703711E-03  0.510896E-05  0.691122E-13 -0.340936E-07  0.000000E+00  0.584690E-03
  0.934280E+03  0.660712E-03  0.478998E-05  0.606352E-13  0.118116E-07  0.000000E+00  0.548962E-03
  0.965947E+03  0.620332E-03  0.449042E-05  0.531961E-13 -0.303938E-07  0.000000E+00  0.515411E-03
  0.998688E+03  0.582412E-03  0.420910E-05  0.466630E-13  0.109262E-07  0.000000E+00  0.483904E-03
  0.103254E+04  0.546802E-03  0.394491E-05  0.409272E-13  0.296213E-07  0.000000E+00  0.454315E-03
  0.106754E+04  0.513364E-03  0.369682E-05  0.358954E-13 -0.195417E-07  0.000000E+00  0.426532E-03
  0.110372E+04  0.481965E-03  0.346385E-05  0.314767E-13  0.203669E-07  0.000000E+00  0.400442E-03
  0.114113E+04  0.452479E-03  0.324507E-05  0.275985E-13  0.122182E-07  0.000000E+00  0.375943E-03
  0.117981E+04  0.424793E-03  0.303965E-05  0.241962E-13  0.212890E-07  0.000000E+00  0.352939E-03
  0.121980E+04  0.398796E-03  0.284675E-05  0.212106E-13 -0.253716E-07  0.000000E+00  0.331338E-03
  0.126115E+04  0.374386E-03  0.266563E-05  0.185904E-13 -0.168673E-07  0.000000E+00  0.311056E-03
  0.130389E+04  0.351464E-03  0.249555E-05  0.162910E-13  0.129032E-07  0.000000E+00  0.292010E-03
  0.134809E+04  0.329943E-03  0.233586E-05  0.142744E-13 -0.147686E-07  0.000000E+00  0.274128E-03
  0.139378E+04  0.309736E-03  0.218593E-05  0.125050E-13  0.292824E-08  0.000000E+00  0.257338E-03
  0.144102E+04  0.290763E-03  0.204516E-05  0.109528E-13  0.189244E-07  0.000000E+00  0.241574E-03
  0.148987E+04  0.272948E-03  0.191299E-05  0.959158E-14  0.893218E-08  0.000000E+00  0.226771E-03
  0.154037E+04  0.256221E-03  0.178891E-05  0.839805E-14  0.167499E-07  0.000000E+00  0.212874E-03
  0.159258E+04  0.240518E-03  0.167243E-05  0.735175E-14 -0.156764E-07  0.000000E+00  0.199826E-03
  0.164656E+04  0.225774E-03  0.156308E-05  0.643418E-14 -0.562476E-08  0.000000E+00  0.187575E-03
  0.170237E+04  0.211931E-03  0.146043E-05  0.562975E-14 -0.696675E-08  0.000000E+00  0.176073E-03
  0.176007E+04  0.198935E-03  0.136408E-05  0.492455E-14 -0.878133E-08  0.000000E+00  0.165275E-03
  0.181973E+04  0.186734E-03  0.127365E-05  0.430661E-14  0.935726E-08  0.000000E+00  0.155137E-03
  0.188141E+04  0.175279E-03  0.118877E-05  0.376525E-14 -0.185978E-08  0.000000E+00  0.145619E-03
  0.194518E+04  0.164525E-03  0.110911E-05  0.329103E-14  0.103482E-07  0.000000E+00  0.136684E-03
  0.201111E+04  0.154429E-03  0.103437E-05  0.287571E-14 -0.361101E-09  0.000000E+00  0.128295E-03
  0.207928E+04  0.144951E-03  0.964233E-06  0.251176E-14  0.670254E-08  0.000000E+00  0.120420E-03
  0.214976E+04  0.136053E-03  0.898427E-06  0.219334E-14  0.493639E-08  0.000000E+00  0.113027E-03
  0.222262E+04  0.127700E-03  0.836699E-06  0.191445E-14 -0.147275E-08  0.000000E+00  0.106086E-03
  0.229796E+04  0.119859E-03  0.778798E-06  0.167048E-14 -0.580969E-08  0.000000E+00  0.995710E-04
  0.237585E+04  0.112498E-03  0.724496E-06  0.145699E-14  0.740227E-08  0.000000E+00  0.934547E-04
  0.245638E+04  0.105587E-03  0.673575E-06  0.127024E-14  0.614380E-10  0.000000E+00  0.877129E-04
  0.253964E+04  0.991003E-04  0.625839E-06  0.110701E-14  0.526545E-08  0.000000E+00  0.823232E-04
  0.262572E+04  0.930111E-04  0.581095E-06  0.964243E-15 -0.904953E-09  0.000000E+00  0.772638E-04
  0.271471E+04  0.872951E-04  0.539165E-06  0.839580E-15 -0.345446E-08  0.000000E+00  0.725145E-04
  0.280673E+04  0.819293E-04  0.499880E-06  0.730611E-15 -0.448145E-08  0.000000E+00  0.680561E-04
  0.290187E+04  0.768928E-04  0.463089E-06  0.635418E-15 -0.355731E-09  0.000000E+00  0.638714E-04
  0.300022E+04  0.721651E-04  0.428642E-06  0.552393E-15 -0.440949E-08  0.000000E+00  0.599433E-04
  0.310192E+04  0.677270E-04  0.396398E-06  0.479908E-15  0.363725E-08  0.000000E+00  0.562558E-04
  0.320706E+04  0.635615E-04  0.366235E-06  0.416751E-15 -0.145977E-08  0.000000E+00  0.527949E-04
  0.331576E+04  0.596517E-04  0.338029E-06  0.361641E-15 -0.334276E-08  0.000000E+00  0.495464E-04
  0.342815E+04  0.559818E-04  0.311665E-06  0.313647E-15 -0.327018E-08  0.000000E+00  0.464972E-04
  0.354435E+04  0.525369E-04  0.287036E-06  0.271839E-15  0.316622E-09  0.000000E+00  0.436351E-04
  0.366448E+04  0.493038E-04  0.264045E-06  0.235491E-15  0.958755E-09  0.000000E+00  0.409488E-04
  0.378869E+04  0.462691E-04  0.242595E-06  0.203846E-15  0.271623E-08  0.000000E+00  0.384275E-04
  0.391711E+04  0.434208E-04  0.222598E-06  0.176339E-15 -0.175222E-08  0.000000E+00  0.360611E-04
  0.404988E+04  0.407473E-04  0.203971E-06  0.152448E-15  0.325611E-09  0.000000E+00  0.338399E-04
  0.418715E+04  0.382382E-04  0.186637E-06  0.131717E-15  0.215276E-08  0.000000E+00  0.317553E-04
  0.432907E+04  0.358832E-04  0.170522E-06  0.113734E-15 -0.188904E-08  0.000000E+00  0.297988E-04
  0.447581E+04  0.336729E-04  0.155556E-06  0.981534E-16 -0.169916E-08  0.000000E+00  0.279626E-04
  0.462752E+04  0.315984E-04  0.141672E-06  0.846496E-16 -0.184614E-08  0.000000E+00  0.262391E-04
  0.478437E+04  0.296515E-04  0.128811E-06  0.729616E-16 -0.186716E-08  0.000000E+00  0.246217E-04
  0.494653E+04  0.278243E-04  0.116914E-06  0.628623E-16 -0.149275E-08  0.000000E+00  0.231038E-04
  0.511420E+04  0.261094E-04  0.105923E-06  0.541287E-16 -0.154108E-08  0.000000E+00  0.216792E-04
  0.528755E+04  0.245000E-04  0.957879E-07  0.465990E-16 -0.237972E-09  0.000000E+00  0.203422E-04
  0.546677E+04  0.229896E-04  0.864573E-07  0.400944E-16 -0.118596E-08  0.000000E+00  0.190876E-04
  0.565206E+04  0.215721E-04  0.778836E-07  0.344921E-16 -0.190824E-09  0.000000E+00  0.179102E-04
  0.584365E+04  0.202418E-04  0.700204E-07  0.296751E-16  0.303485E-09  0.000000E+00  0.168051E-04
  0.604171E+04  0.189934E-04  0.628249E-07  0.255229E-16 -0.120823E-08  0.000000E+00  0.157682E-04
  0.624650E+04  0.178218E-04  0.562545E-07  0.219521E-16 -0.451231E-09  0.000000E+00  0.147951E-04
  0.645822E+04  0.167223E-04  0.502693E-07  0.188877E-16  0.105925E-08  0.000000E+00  0.138819E-04
  0.667713E+04  0.156905E-04  0.448300E-07  0.162534E-16  0.802292E-09  0.000000E+00  0.130250E-04
  0.690345E+04  0.147223E-04  0.398998E-07  0.139933E-16  0.803792E-09  0.000000E+00  0.122208E-04
  0.713744E+04  0.138137E-04  0.354426E-07  0.120548E-16  0.859128E-09  0.000000E+00  0.114663E-04
  0.737936E+04  0.129610E-04  0.314239E-07  0.103921E-16 -0.197635E-09  0.000000E+00  0.107582E-04
  0.762949E+04  0.121609E-04  0.278101E-07  0.896293E-17  0.753639E-09  0.000000E+00  0.100938E-04
  0.788809E+04  0.114101E-04  0.245699E-07  0.773694E-17 -0.399533E-09  0.000000E+00  0.947031E-05
  0.815546E+04  0.107055E-04  0.216724E-07  0.668579E-17  0.530254E-09  0.000000E+00  0.888530E-05
  0.843190E+04  0.100443E-04  0.190882E-07  0.578337E-17  0.604274E-09  0.000000E+00  0.833633E-05
  0.871769E+04  0.942394E-05  0.167899E-07  0.500853E-17 -0.528905E-09  0.000000E+00  0.782124E-05
  0.901318E+04  0.884180E-05  0.147510E-07  0.434047E-17  0.428416E-09  0.000000E+00  0.733793E-05
  0.931867E+04  0.829555E-05  0.129466E-07  0.376720E-17  0.436056E-09  0.000000E+00  0.688444E-05
  0.963454E+04  0.778295E-05  0.113532E-07  0.327142E-17  0.296668E-11  0.000000E+00  0.645890E-05
  0.996110E+04  0.730200E-05  0.994939E-08  0.284547E-17  0.386261E-09  0.000000E+00  0.605965E-05
  0.102987E+05  0.685070E-05  0.871472E-08  0.247656E-17  0.403644E-09  0.000000E+00  0.568503E-05
  0.106478E+05  0.642725E-05  0.763064E-08  0.215696E-17  0.120763E-09  0.000000E+00  0.533354E-05
  0.110087E+05  0.602990E-05  0.668006E-08  0.188154E-17 -0.448739E-11  0.000000E+00  0.500372E-05
  0.113819E+05  0.565709E-05  0.584757E-08  0.164175E-17  0.164038E-09  0.000000E+00  0.469429E-05
  0.117676E+05  0.530729E-05  0.511912E-08  0.143299E-17 -0.237877E-09  0.000000E+00  0.440395E-05
  0.121665E+05  0.497907E-05  0.448208E-08  0.125199E-17  0.237654E-09  0.000000E+00  0.413155E-05
  0.125789E+05  0.467110E-05  0.392519E-08  0.109461E-17  0.285350E-09  0.000000E+00  0.387595E-05
  0.130053E+05  0.438216E-05  0.343848E-08  0.957016E-18  0.757410E-10  0.000000E+00  0.363616E-05
  0.134461E+05  0.411106E-05  0.301306E-08  0.837702E-18 -0.106438E-09  0.000000E+00  0.341117E-05
  0.139018E+05  0.385669E-05  0.264111E-08  0.732695E-18  0.101101E-09  0.000000E+00  0.320007E-05
  0.143730E+05  0.361804E-05  0.231581E-08  0.641326E-18 -0.991002E-11  0.000000E+00  0.300203E-05
  0.148602E+05  0.339414E-05  0.203116E-08  0.561859E-18 -0.596699E-11  0.000000E+00  0.281622E-05
  0.153639E+05  0.318406E-05  0.178193E-08  0.491701E-18  0.111610E-09  0.000000E+00  0.264189E-05
  0.158847E+05  0.298695E-05  0.156357E-08  0.430889E-18  0.276718E-10  0.000000E+00  0.247832E-05
  0.164231E+05  0.280203E-05  0.137218E-08  0.377185E-18 -0.984713E-10  0.000000E+00  0.232488E-05
  0.169797E+05  0.262854E-05  0.120432E-08  0.330424E-18 -0.113369E-09  0.000000E+00  0.218092E-05
  0.175553E+05  0.246578E-05  0.105704E-08  0.289488E-18  0.119093E-09  0.000000E+00  0.204586E-05
  0.181503E+05  0.231306E-05  0.927770E-09  0.253764E-18 -0.101809E-09  0.000000E+00  0.191915E-05
  0.187655E+05  0.216980E-05  0.814304E-09  0.222221E-18  0.217474E-10  0.000000E+00  0.180027E-05
  0.194016E+05  0.203540E-05  0.714694E-09  0.194830E-18 -0.116642E-09  0.000000E+00  0.168875E-05
  0.200592E+05  0.190931E-05  0.627248E-09  0.170812E-18 -0.109114E-10  0.000000E+00  0.158412E-05
  0.207391E+05  0.179100E-05  0.550482E-09  0.149589E-18 -0.583944E-11  0.000000E+00  0.148596E-05
  0.214421E+05  0.168003E-05  0.483102E-09  0.131127E-18 -0.506811E-10  0.000000E+00  0.139388E-05
  0.221688E+05  0.157591E-05  0.423962E-09  0.114981E-18  0.887379E-10  0.000000E+00  0.130750E-05
  0.229203E+05  0.147824E-05  0.372054E-09  0.100830E-18 -0.826570E-10  0.000000E+00  0.122645E-05
  0.236971E+05  0.138661E-05  0.326501E-09  0.883758E-19 -0.769523E-10  0.000000E+00  0.115043E-05
  0.245004E+05  0.130065E-05  0.286522E-09  0.775020E-19  0.756063E-10  0.000000E+00  0.107911E-05
  0.253308E+05  0.122002E-05  0.251436E-09  0.679657E-19 -0.680823E-10  0.000000E+00  0.101221E-05
  0.261894E+05  0.114437E-05  0.220643E-09  0.596086E-19 -0.552428E-10  0.000000E+00  0.949438E-06
  0.270771E+05  0.107340E-05  0.193621E-09  0.522342E-19 -0.439956E-10  0.000000E+00  0.890561E-06
  0.279949E+05  0.100683E-05  0.169907E-09  0.458079E-19 -0.415444E-10  0.000000E+00  0.835329E-06
  0.289437E+05  0.944387E-06  0.149096E-09  0.401968E-19 -0.513962E-10  0.000000E+00  0.783517E-06
  0.299248E+05  0.885803E-06  0.130831E-09  0.352394E-19  0.468379E-10  0.000000E+00  0.734911E-06
  0.309391E+05  0.830851E-06  0.114804E-09  0.308992E-19 -0.365950E-10  0.000000E+00  0.689318E-06
