  0.101956E-04  0.170191E+05  0.170191E+05  0.226921E+05  0.226921E+05  0.000000E+00  0.170191E+05
  0.105412E-04  0.170191E+05  0.170191E+05  0.226921E+05  0.226921E+05  0.000000E+00  0.170191E+05
  0.108984E-04  0.170191E+05  0.170191E+05  0.226921E+05  0.226921E+05  0.000000E+00  0.170191E+05
  0.112678E-04  0.170191E+05  0.170191E+05  0.226921E+05  0.226921E+05  0.000000E+00  0.170191E+05
  0.116498E-04  0.170191E+05  0.170191E+05  0.226921E+05  0.226921E+05  0.000000E+00  0.170191E+05
  0.120446E-04  0.170191E+05  0.170191E+05  0.226921E+05  0.226921E+05  0.000000E+00  0.170191E+05
  0.124529E-04  0.170191E+05  0.170191E+05  0.226921E+05  0.226921E+05  0.000000E+00  0.170191E+05
  0.128750E-04  0.170191E+05  0.170191E+05  0.226921E+05  0.226921E+05  0.000000E+00  0.170191E+05
  0.133114E-04  0.170191E+05  0.170191E+05  0.226921E+05  0.226921E+05  0.000000E+00  0.170191E+05
  0.137626E-04  0.170191E+05  0.170191E+05  0.226921E+05  0.226921E+05  0.000000E+00  0.170191E+05
  0.142291E-04  0.170191E+05  0.170191E+05  0.226921E+05  0.226921E+05  0.000000E+00  0.170191E+05
  0.147114E-04  0.170191E+05  0.170191E+05  0.226921E+05  0.226921E+05  0.000000E+00  0.170191E+05
  0.152100E-04  0.170191E+05  0.170191E+05  0.226921E+05  0.226921E+05  0.000000E+00  0.170191E+05
  0.157255E-04  0.170191E+05  0.170191E+05  0.226921E+05  0.226921E+05  0.000000E+00  0.170191E+05
  0.162586E-04  0.170191E+05  0.170191E+05  0.226921E+05  0.226921E+05  0.000000E+00  0.170191E+05
  0.168097E-04  0.170191E+05  0.170191E+05  0.226921E+05  0.226921E+05  0.000000E+00  0.170191E+05
  0.173794E-04  0.170191E+05  0.170191E+05  0.226921E+05  0.226921E+05  0.000000E+00  0.170191E+05
  0.179685E-04  0.170191E+05  0.170191E+05  0.226921E+05  0.226921E+05  0.000000E+00  0.170191E+05
  0.185775E-04  0.170191E+05  0.170191E+05  0.226921E+05  0.226921E+05  0.000000E+00  0.170191E+05
  0.192072E-04  0.170191E+05  0.170191E+05  0.226921E+05  0.226921E+05  0.000000E+00  0.170191E+05
  0.198583E-04  0.170191E+05  0.170191E+05  0.226921E+05  0.226921E+05  0.000000E+00  0.170191E+05
  0.205314E-04  0.170191E+05  0.170191E+05  0.226921E+05  0.226921E+05  0.000000E+00  0.170191E+05
  0.212273E-04  0.170191E+05  0.170191E+05  0.226921E+05  0.226921E+05  0.000000E+00  0.170191E+05
  0.219468E-04  0.170191E+05  0.170191E+05  0.226921E+05  0.226921E+05  0.000000E+00  0.170191E+05
  0.226907E-04  0.170191E+05  0.170191E+05  0.226921E+05  0.226921E+05  0.000000E+00  0.170191E+05
  0.234598E-04  0.170191E+05  0.170191E+05  0.226921E+05  0.226921E+05  0.000000E+00  0.170191E+05
  0.242549E-04  0.170191E+05  0.170191E+05  0.226921E+05  0.226921E+05  0.000000E+00  0.170191E+05
  0.250771E-04  0.170191E+05  0.170191E+05  0.226921E+05  0.226921E+05  0.000000E+00  0.170191E+05
  0.259270E-04  0.170191E+05  0.170191E+05  0.226921E+05  0.226921E+05  0.000000E+00  0.170191E+05
  0.268058E-04  0.170191E+05  0.170191E+05  0.226921E+05  0.226921E+05  0.000000E+00  0.170191E+05
  0.277144E-04  0.170191E+05  0.170191E+05  0.226921E+05  0.226921E+05  0.000000E+00  0.170191E+05
  0.286538E-04  0.170191E+05  0.170191E+05  0.226921E+05  0.226921E+05  0.000000E+00  0.170191E+05
  0.296250E-04  0.170191E+05  0.170191E+05  0.226921E+05  0.226920E+05  0.000000E+00  0.170191E+05
  0.306292E-04  0.170191E+05  0.170191E+05  0.226921E+05  0.226920E+05  0.000000E+00  0.170191E+05
  0.316674E-04  0.170191E+05  0.170191E+05  0.226921E+05  0.226920E+05  0.000000E+00  0.170191E+05
  0.327407E-04  0.170191E+05  0.170191E+05  0.226921E+05  0.226920E+05  0.000000E+00  0.170191E+05
  0.338505E-04  0.170191E+05  0.170190E+05  0.226921E+05  0.226920E+05  0.000000E+00  0.170191E+05
  0.349979E-04  0.170191E+05  0.170190E+05  0.226921E+05  0.226920E+05  0.000000E+00  0.170191E+05
  0.361841E-04  0.170191E+05  0.170190E+05  0.226921E+05  0.226920E+05  0.000000E+00  0.170191E+05
  0.374106E-04  0.170191E+05  0.170190E+05  0.226921E+05  0.226920E+05  0.000000E+00  0.170191E+05
  0.386786E-04  0.170191E+05  0.170190E+05  0.226921E+05  0.226920E+05  0.000000E+00  0.170191E+05
  0.399896E-04  0.170191E+05  0.170190E+05  0.226921E+05  0.226920E+05  0.000000E+00  0.170191E+05
  0.413451E-04  0.170191E+05  0.170190E+05  0.226920E+05  0.226920E+05  0.000000E+00  0.170191E+05
  0.427465E-04  0.170191E+05  0.170190E+05  0.226920E+05  0.226920E+05  0.000000E+00  0.170191E+05
  0.441954E-04  0.170191E+05  0.170190E+05  0.226920E+05  0.226920E+05  0.000000E+00  0.170191E+05
  0.456934E-04  0.170191E+05  0.170190E+05  0.226920E+05  0.226920E+05  0.000000E+00  0.170191E+05
  0.472422E-04  0.170191E+05  0.170190E+05  0.226920E+05  0.226920E+05  0.000000E+00  0.170191E+05
  0.488434E-04  0.170191E+05  0.170190E+05  0.226920E+05  0.226920E+05  0.000000E+00  0.170191E+05
  0.504990E-04  0.170191E+05  0.170190E+05  0.226920E+05  0.226920E+05  0.000000E+00  0.170191E+05
  0.522107E-04  0.170191E+05  0.170190E+05  0.226920E+05  0.226919E+05  0.000000E+00  0.170191E+05
  0.539803E-04  0.170191E+05  0.170190E+05  0.226920E+05  0.226919E+05  0.000000E+00  0.170190E+05
  0.558100E-04  0.170191E+05  0.170190E+05  0.226920E+05  0.226919E+05  0.000000E+00  0.170190E+05
  0.577017E-04  0.170191E+05  0.170190E+05  0.226920E+05  0.226919E+05  0.000000E+00  0.170190E+05
  0.596575E-04  0.170191E+05  0.170190E+05  0.226920E+05  0.226919E+05  0.000000E+00  0.170190E+05
  0.616796E-04  0.170191E+05  0.170190E+05  0.226920E+05  0.226919E+05  0.000000E+00  0.170190E+05
  0.637702E-04  0.170191E+05  0.170190E+05  0.226920E+05  0.226919E+05  0.000000E+00  0.170190E+05
  0.659317E-04  0.170190E+05  0.170190E+05  0.226920E+05  0.226918E+05  0.000000E+00  0.170190E+05
  0.681665E-04  0.170190E+05  0.170190E+05  0.226920E+05  0.226918E+05  0.000000E+00  0.170190E+05
  0.704770E-04  0.170190E+05  0.170190E+05  0.226920E+05  0.226918E+05  0.000000E+00  0.170190E+05
  0.728658E-04  0.170190E+05  0.170190E+05  0.226919E+05  0.226918E+05  0.000000E+00  0.170190E+05
  0.753356E-04  0.170190E+05  0.170190E+05  0.226919E+05  0.226918E+05  0.000000E+00  0.170190E+05
  0.778891E-04  0.170190E+05  0.170189E+05  0.226919E+05  0.226918E+05  0.000000E+00  0.170190E+05
  0.805292E-04  0.170190E+05  0.170189E+05  0.226919E+05  0.226917E+05  0.000000E+00  0.170190E+05
  0.832588E-04  0.170190E+05  0.170189E+05  0.226919E+05  0.226917E+05  0.000000E+00  0.170190E+05
  0.860808E-04  0.170190E+05  0.170189E+05  0.226919E+05  0.226917E+05  0.000000E+00  0.170190E+05
  0.889986E-04  0.170190E+05  0.170189E+05  0.226919E+05  0.226916E+05  0.000000E+00  0.170190E+05
  0.920152E-04  0.170190E+05  0.170189E+05  0.226918E+05  0.226916E+05  0.000000E+00  0.170190E+05
  0.951340E-04  0.170190E+05  0.170189E+05  0.226918E+05  0.226916E+05  0.000000E+00  0.170190E+05
  0.983586E-04  0.170190E+05  0.170189E+05  0.226918E+05  0.226915E+05  0.000000E+00  0.170190E+05
  0.101692E-03  0.170190E+05  0.170189E+05  0.226918E+05  0.226915E+05  0.000000E+00  0.170190E+05
  0.105139E-03  0.170190E+05  0.170188E+05  0.226918E+05  0.226915E+05  0.000000E+00  0.170190E+05
  0.108703E-03  0.170190E+05  0.170188E+05  0.226918E+05  0.226914E+05  0.000000E+00  0.170190E+05
  0.112388E-03  0.170190E+05  0.170188E+05  0.226917E+05  0.226914E+05  0.000000E+00  0.170190E+05
  0.116197E-03  0.170190E+05  0.170188E+05  0.226917E+05  0.226913E+05  0.000000E+00  0.170190E+05
  0.120135E-03  0.170190E+05  0.170188E+05  0.226917E+05  0.226913E+05  0.000000E+00  0.170190E+05
  0.124207E-03  0.170190E+05  0.170187E+05  0.226916E+05  0.226912E+05  0.000000E+00  0.170189E+05
  0.128417E-03  0.170190E+05  0.170187E+05  0.226916E+05  0.226912E+05  0.000000E+00  0.170189E+05
  0.132770E-03  0.170190E+05  0.170187E+05  0.226916E+05  0.226911E+05  0.000000E+00  0.170189E+05
  0.137271E-03  0.170190E+05  0.170187E+05  0.226915E+05  0.226910E+05  0.000000E+00  0.170189E+05
  0.141923E-03  0.170190E+05  0.170186E+05  0.226915E+05  0.226909E+05  0.000000E+00  0.170189E+05
  0.146734E-03  0.170190E+05  0.170186E+05  0.226915E+05  0.226909E+05  0.000000E+00  0.170189E+05
  0.151707E-03  0.170189E+05  0.170186E+05  0.226914E+05  0.226908E+05  0.000000E+00  0.170189E+05
  0.156849E-03  0.170189E+05  0.170186E+05  0.226914E+05  0.226907E+05  0.000000E+00  0.170189E+05
  0.162166E-03  0.170189E+05  0.170185E+05  0.226913E+05  0.226906E+05  0.000000E+00  0.170189E+05
  0.167663E-03  0.170189E+05  0.170185E+05  0.226913E+05  0.226905E+05  0.000000E+00  0.170188E+05
  0.173345E-03  0.170189E+05  0.170184E+05  0.226912E+05  0.226904E+05  0.000000E+00  0.170188E+05
  0.179221E-03  0.170189E+05  0.170184E+05  0.226912E+05  0.226903E+05  0.000000E+00  0.170188E+05
  0.185296E-03  0.170189E+05  0.170184E+05  0.226911E+05  0.226901E+05  0.000000E+00  0.170188E+05
  0.191576E-03  0.170189E+05  0.170183E+05  0.226910E+05  0.226900E+05  0.000000E+00  0.170188E+05
  0.198070E-03  0.170189E+05  0.170182E+05  0.226910E+05  0.226899E+05  0.000000E+00  0.170188E+05
  0.204784E-03  0.170188E+05  0.170182E+05  0.226909E+05  0.226897E+05  0.000000E+00  0.170187E+05
  0.211725E-03  0.170188E+05  0.170181E+05  0.226908E+05  0.226895E+05  0.000000E+00  0.170187E+05
  0.218901E-03  0.170188E+05  0.170181E+05  0.226907E+05  0.226894E+05  0.000000E+00  0.170187E+05
  0.226321E-03  0.170188E+05  0.170180E+05  0.226906E+05  0.226892E+05  0.000000E+00  0.170187E+05
  0.233992E-03  0.170188E+05  0.170179E+05  0.226905E+05  0.226890E+05  0.000000E+00  0.170186E+05
  0.241923E-03  0.170187E+05  0.170178E+05  0.226904E+05  0.226888E+05  0.000000E+00  0.170186E+05
  0.250123E-03  0.170187E+05  0.170178E+05  0.226903E+05  0.226885E+05  0.000000E+00  0.170186E+05
  0.258601E-03  0.170187E+05  0.170177E+05  0.226902E+05  0.226883E+05  0.000000E+00  0.170185E+05
  0.267366E-03  0.170187E+05  0.170176E+05  0.226900E+05  0.226880E+05  0.000000E+00  0.170185E+05
  0.276429E-03  0.170186E+05  0.170175E+05  0.226899E+05  0.226877E+05  0.000000E+00  0.170184E+05
  0.285798E-03  0.170186E+05  0.170174E+05  0.226897E+05  0.226874E+05  0.000000E+00  0.170184E+05
  0.295486E-03  0.170186E+05  0.170172E+05  0.226896E+05  0.226871E+05  0.000000E+00  0.170184E+05
  0.305501E-03  0.170186E+05  0.170171E+05  0.226894E+05  0.226868E+05  0.000000E+00  0.170183E+05
  0.315856E-03  0.170185E+05  0.170170E+05  0.226892E+05  0.226864E+05  0.000000E+00  0.170183E+05
  0.326562E-03  0.170185E+05  0.170168E+05  0.226890E+05  0.226860E+05  0.000000E+00  0.170182E+05
  0.337631E-03  0.170184E+05  0.170167E+05  0.226888E+05  0.226856E+05  0.000000E+00  0.170181E+05
  0.349075E-03  0.170184E+05  0.170165E+05  0.226886E+05  0.226852E+05  0.000000E+00  0.170181E+05
  0.360907E-03  0.170183E+05  0.170163E+05  0.226883E+05  0.226847E+05  0.000000E+00  0.170180E+05
  0.373140E-03  0.170183E+05  0.170161E+05  0.226880E+05  0.226842E+05  0.000000E+00  0.170179E+05
  0.385788E-03  0.170182E+05  0.170159E+05  0.226878E+05  0.226836E+05  0.000000E+00  0.170179E+05
  0.398864E-03  0.170182E+05  0.170157E+05  0.226875E+05  0.226830E+05  0.000000E+00  0.170178E+05
  0.412383E-03  0.170181E+05  0.170155E+05  0.226871E+05  0.226824E+05  0.000000E+00  0.170177E+05
  0.426361E-03  0.170181E+05  0.170153E+05  0.226868E+05  0.226817E+05  0.000000E+00  0.170176E+05
  0.440813E-03  0.170180E+05  0.170150E+05  0.226864E+05  0.226810E+05  0.000000E+00  0.170175E+05
  0.455754E-03  0.170179E+05  0.170147E+05  0.226861E+05  0.226803E+05  0.000000E+00  0.170174E+05
  0.471202E-03  0.170178E+05  0.170144E+05  0.226856E+05  0.226795E+05  0.000000E+00  0.170173E+05
  0.487173E-03  0.170178E+05  0.170141E+05  0.226852E+05  0.226786E+05  0.000000E+00  0.170171E+05
  0.503686E-03  0.170177E+05  0.170137E+05  0.226847E+05  0.226777E+05  0.000000E+00  0.170170E+05
  0.520759E-03  0.170176E+05  0.170134E+05  0.226842E+05  0.226767E+05  0.000000E+00  0.170169E+05
  0.538410E-03  0.170175E+05  0.170130E+05  0.226837E+05  0.226756E+05  0.000000E+00  0.170167E+05
  0.556659E-03  0.170174E+05  0.170126E+05  0.226831E+05  0.226745E+05  0.000000E+00  0.170165E+05
  0.575527E-03  0.170172E+05  0.170121E+05  0.226825E+05  0.226732E+05  0.000000E+00  0.170164E+05
  0.595035E-03  0.170171E+05  0.170116E+05  0.226818E+05  0.226719E+05  0.000000E+00  0.170162E+05
  0.615204E-03  0.170170E+05  0.170111E+05  0.226811E+05  0.226706E+05  0.000000E+00  0.170160E+05
  0.636056E-03  0.170168E+05  0.170106E+05  0.226803E+05  0.226691E+05  0.000000E+00  0.170158E+05
  0.657615E-03  0.170167E+05  0.170100E+05  0.226795E+05  0.226675E+05  0.000000E+00  0.170155E+05
  0.679905E-03  0.170165E+05  0.170094E+05  0.226787E+05  0.226658E+05  0.000000E+00  0.170153E+05
  0.702951E-03  0.170163E+05  0.170087E+05  0.226777E+05  0.226640E+05  0.000000E+00  0.170150E+05
  0.726777E-03  0.170161E+05  0.170080E+05  0.226767E+05  0.226620E+05  0.000000E+00  0.170148E+05
  0.751412E-03  0.170159E+05  0.170072E+05  0.226757E+05  0.226600E+05  0.000000E+00  0.170145E+05
  0.776881E-03  0.170157E+05  0.170064E+05  0.226745E+05  0.226578E+05  0.000000E+00  0.170141E+05
  0.803213E-03  0.170155E+05  0.170055E+05  0.226733E+05  0.226554E+05  0.000000E+00  0.170138E+05
  0.830438E-03  0.170152E+05  0.170046E+05  0.226720E+05  0.226529E+05  0.000000E+00  0.170134E+05
  0.858586E-03  0.170150E+05  0.170036E+05  0.226707E+05  0.226502E+05  0.000000E+00  0.170130E+05
  0.887688E-03  0.170147E+05  0.170025E+05  0.226692E+05  0.226473E+05  0.000000E+00  0.170126E+05
  0.917776E-03  0.170144E+05  0.170014E+05  0.226676E+05  0.226442E+05  0.000000E+00  0.170122E+05
  0.948884E-03  0.170141E+05  0.170002E+05  0.226659E+05  0.226409E+05  0.000000E+00  0.170117E+05
  0.981047E-03  0.170137E+05  0.169988E+05  0.226641E+05  0.226373E+05  0.000000E+00  0.170112E+05
  0.101430E-02  0.170134E+05  0.169975E+05  0.226622E+05  0.226336E+05  0.000000E+00  0.170107E+05
  0.104868E-02  0.170130E+05  0.169960E+05  0.226601E+05  0.226296E+05  0.000000E+00  0.170101E+05
  0.108422E-02  0.170126E+05  0.169944E+05  0.226579E+05  0.226252E+05  0.000000E+00  0.170095E+05
  0.112097E-02  0.170121E+05  0.169927E+05  0.226556E+05  0.226206E+05  0.000000E+00  0.170088E+05
  0.115897E-02  0.170116E+05  0.169909E+05  0.226530E+05  0.226157E+05  0.000000E+00  0.170081E+05
  0.119825E-02  0.170111E+05  0.169889E+05  0.226504E+05  0.226105E+05  0.000000E+00  0.170073E+05
  0.123887E-02  0.170106E+05  0.169868E+05  0.226475E+05  0.226048E+05  0.000000E+00  0.170065E+05
  0.128086E-02  0.170100E+05  0.169846E+05  0.226444E+05  0.225988E+05  0.000000E+00  0.170057E+05
  0.132427E-02  0.170093E+05  0.169822E+05  0.226411E+05  0.225924E+05  0.000000E+00  0.170047E+05
  0.136916E-02  0.170087E+05  0.169797E+05  0.226376E+05  0.225856E+05  0.000000E+00  0.170037E+05
  0.141557E-02  0.170080E+05  0.169770E+05  0.226339E+05  0.225782E+05  0.000000E+00  0.170027E+05
  0.146355E-02  0.170072E+05  0.169741E+05  0.226298E+05  0.225704E+05  0.000000E+00  0.170016E+05
  0.151316E-02  0.170064E+05  0.169710E+05  0.226256E+05  0.225620E+05  0.000000E+00  0.170003E+05
  0.156445E-02  0.170055E+05  0.169677E+05  0.226210E+05  0.225531E+05  0.000000E+00  0.169991E+05
  0.161747E-02  0.170046E+05  0.169641E+05  0.226161E+05  0.225436E+05  0.000000E+00  0.169977E+05
  0.167230E-02  0.170036E+05  0.169604E+05  0.226108E+05  0.225333E+05  0.000000E+00  0.169962E+05
  0.172898E-02  0.170025E+05  0.169563E+05  0.226053E+05  0.225224E+05  0.000000E+00  0.169946E+05
  0.178758E-02  0.170014E+05  0.169520E+05  0.225993E+05  0.225108E+05  0.000000E+00  0.169930E+05
  0.184817E-02  0.170001E+05  0.169474E+05  0.225929E+05  0.224983E+05  0.000000E+00  0.169912E+05
  0.191082E-02  0.169988E+05  0.169424E+05  0.225861E+05  0.224850E+05  0.000000E+00  0.169892E+05
  0.197559E-02  0.169974E+05  0.169372E+05  0.225788E+05  0.224708E+05  0.000000E+00  0.169872E+05
  0.204255E-02  0.169960E+05  0.169315E+05  0.225710E+05  0.224556E+05  0.000000E+00  0.169850E+05
  0.211178E-02  0.169944E+05  0.169255E+05  0.225626E+05  0.224394E+05  0.000000E+00  0.169826E+05
  0.218336E-02  0.169927E+05  0.169191E+05  0.225537E+05  0.224221E+05  0.000000E+00  0.169801E+05
  0.225737E-02  0.169908E+05  0.169122E+05  0.225442E+05  0.224036E+05  0.000000E+00  0.169774E+05
  0.233388E-02  0.169889E+05  0.169048E+05  0.225340E+05  0.223838E+05  0.000000E+00  0.169746E+05
  0.241299E-02  0.169868E+05  0.168970E+05  0.225232E+05  0.223627E+05  0.000000E+00  0.169715E+05
  0.249477E-02  0.169846E+05  0.168886E+05  0.225116E+05  0.223401E+05  0.000000E+00  0.169683E+05
  0.257933E-02  0.169822E+05  0.168796E+05  0.224992E+05  0.223160E+05  0.000000E+00  0.169648E+05
  0.266676E-02  0.169797E+05  0.168701E+05  0.224859E+05  0.222903E+05  0.000000E+00  0.169610E+05
  0.275715E-02  0.169770E+05  0.168598E+05  0.224717E+05  0.222628E+05  0.000000E+00  0.169570E+05
  0.285060E-02  0.169741E+05  0.168489E+05  0.224566E+05  0.222335E+05  0.000000E+00  0.169528E+05
  0.294723E-02  0.169710E+05  0.168372E+05  0.224405E+05  0.222022E+05  0.000000E+00  0.169482E+05
  0.304712E-02  0.169677E+05  0.168247E+05  0.224232E+05  0.221688E+05  0.000000E+00  0.169433E+05
  0.315041E-02  0.169642E+05  0.168114E+05  0.224047E+05  0.221331E+05  0.000000E+00  0.169381E+05
  0.325719E-02  0.169604E+05  0.167971E+05  0.223850E+05  0.220950E+05  0.000000E+00  0.169326E+05
  0.336759E-02  0.169564E+05  0.167819E+05  0.223640E+05  0.220543E+05  0.000000E+00  0.169267E+05
  0.348174E-02  0.169521E+05  0.167657E+05  0.223415E+05  0.220110E+05  0.000000E+00  0.169203E+05
  0.359975E-02  0.169475E+05  0.167483E+05  0.223175E+05  0.219647E+05  0.000000E+00  0.169135E+05
  0.372177E-02  0.169426E+05  0.167297E+05  0.222918E+05  0.219153E+05  0.000000E+00  0.169063E+05
  0.384792E-02  0.169373E+05  0.167099E+05  0.222644E+05  0.218626E+05  0.000000E+00  0.168986E+05
  0.397834E-02  0.169317E+05  0.166888E+05  0.222352E+05  0.218064E+05  0.000000E+00  0.168903E+05
  0.411319E-02  0.169257E+05  0.166662E+05  0.222039E+05  0.217465E+05  0.000000E+00  0.168815E+05
  0.425260E-02  0.169193E+05  0.166421E+05  0.221706E+05  0.216826E+05  0.000000E+00  0.168721E+05
  0.439675E-02  0.169125E+05  0.166163E+05  0.221350E+05  0.216145E+05  0.000000E+00  0.168620E+05
  0.454577E-02  0.169052E+05  0.165888E+05  0.220969E+05  0.215419E+05  0.000000E+00  0.168513E+05
  0.469985E-02  0.168974E+05  0.165595E+05  0.220563E+05  0.214645E+05  0.000000E+00  0.168398E+05
  0.485916E-02  0.168890E+05  0.165281E+05  0.220130E+05  0.213821E+05  0.000000E+00  0.168275E+05
  0.502386E-02  0.168801E+05  0.164947E+05  0.219668E+05  0.212943E+05  0.000000E+00  0.168145E+05
  0.519414E-02  0.168706E+05  0.164590E+05  0.219174E+05  0.212008E+05  0.000000E+00  0.168005E+05
  0.537020E-02  0.168605E+05  0.164209E+05  0.218648E+05  0.211012E+05  0.000000E+00  0.167856E+05
  0.555222E-02  0.168497E+05  0.163802E+05  0.218086E+05  0.209953E+05  0.000000E+00  0.167697E+05
  0.574042E-02  0.168381E+05  0.163369E+05  0.217487E+05  0.208825E+05  0.000000E+00  0.167527E+05
  0.593499E-02  0.168258E+05  0.162906E+05  0.216848E+05  0.207626E+05  0.000000E+00  0.167346E+05
  0.613615E-02  0.168126E+05  0.162413E+05  0.216166E+05  0.206351E+05  0.000000E+00  0.167153E+05
  0.634414E-02  0.167985E+05  0.161887E+05  0.215439E+05  0.204995E+05  0.000000E+00  0.166946E+05
  0.655917E-02  0.167835E+05  0.161326E+05  0.214664E+05  0.203554E+05  0.000000E+00  0.166726E+05
  0.678150E-02  0.167675E+05  0.160727E+05  0.213838E+05  0.202025E+05  0.000000E+00  0.166492E+05
  0.701136E-02  0.167505E+05  0.160090E+05  0.212958E+05  0.200400E+05  0.000000E+00  0.166241E+05
  0.724901E-02  0.167322E+05  0.159411E+05  0.212020E+05  0.198677E+05  0.000000E+00  0.165974E+05
  0.749471E-02  0.167128E+05  0.158687E+05  0.211021E+05  0.196849E+05  0.000000E+00  0.165690E+05
  0.774875E-02  0.166921E+05  0.157916E+05  0.209957E+05  0.194912E+05  0.000000E+00  0.165387E+05
  0.801139E-02  0.166700E+05  0.157095E+05  0.208824E+05  0.192859E+05  0.000000E+00  0.165063E+05
  0.828294E-02  0.166464E+05  0.156221E+05  0.207618E+05  0.190686E+05  0.000000E+00  0.164719E+05
  0.856369E-02  0.166213E+05  0.155291E+05  0.206334E+05  0.188387E+05  0.000000E+00  0.164352E+05
  0.885396E-02  0.165945E+05  0.154301E+05  0.204969E+05  0.185956E+05  0.000000E+00  0.163961E+05
  0.915407E-02  0.165660E+05  0.153249E+05  0.203517E+05  0.183389E+05  0.000000E+00  0.163546E+05
  0.946434E-02  0.165356E+05  0.152129E+05  0.201974E+05  0.180679E+05  0.000000E+00  0.163103E+05
  0.978514E-02  0.165033E+05  0.150939E+05  0.200334E+05  0.177821E+05  0.000000E+00  0.162632E+05
  0.101168E-01  0.164688E+05  0.149675E+05  0.198593E+05  0.174809E+05  0.000000E+00  0.162130E+05
  0.104597E-01  0.164321E+05  0.148333E+05  0.196743E+05  0.171640E+05  0.000000E+00  0.161597E+05
  0.108143E-01  0.163931E+05  0.146908E+05  0.194781E+05  0.168308E+05  0.000000E+00  0.161031E+05
  0.111808E-01  0.163516E+05  0.145396E+05  0.192699E+05  0.164810E+05  0.000000E+00  0.160428E+05
  0.115598E-01  0.163074E+05  0.143792E+05  0.190493E+05  0.161141E+05  0.000000E+00  0.159789E+05
  0.119516E-01  0.162604E+05  0.142093E+05  0.188155E+05  0.157298E+05  0.000000E+00  0.159110E+05
  0.123567E-01  0.162105E+05  0.140293E+05  0.185680E+05  0.153279E+05  0.000000E+00  0.158389E+05
  0.127755E-01  0.161575E+05  0.138387E+05  0.183061E+05  0.149083E+05  0.000000E+00  0.157624E+05
  0.132086E-01  0.161012E+05  0.136371E+05  0.180292E+05  0.144710E+05  0.000000E+00  0.156814E+05
  0.136563E-01  0.160414E+05  0.134241E+05  0.177367E+05  0.140159E+05  0.000000E+00  0.155955E+05
  0.141191E-01  0.159780E+05  0.131990E+05  0.174280E+05  0.135434E+05  0.000000E+00  0.155045E+05
  0.145977E-01  0.159107E+05  0.129616E+05  0.171023E+05  0.130537E+05  0.000000E+00  0.154082E+05
  0.150925E-01  0.158394E+05  0.127112E+05  0.167592E+05  0.125475E+05  0.000000E+00  0.153064E+05
  0.156041E-01  0.157639E+05  0.124475E+05  0.163981E+05  0.120255E+05  0.000000E+00  0.151989E+05
  0.161330E-01  0.156839E+05  0.121700E+05  0.160184E+05  0.114885E+05  0.000000E+00  0.150852E+05
  0.166798E-01  0.155993E+05  0.118785E+05  0.156197E+05  0.109378E+05  0.000000E+00  0.149654E+05
  0.172452E-01  0.155098E+05  0.115724E+05  0.152016E+05  0.103747E+05  0.000000E+00  0.148390E+05
  0.178297E-01  0.154153E+05  0.112516E+05  0.147637E+05  0.980095E+04  0.000000E+00  0.147059E+05
  0.184340E-01  0.153155E+05  0.109158E+05  0.143057E+05  0.921838E+04  0.000000E+00  0.145659E+05
  0.190588E-01  0.152102E+05  0.105648E+05  0.138277E+05  0.862921E+04  0.000000E+00  0.144187E+05
  0.197048E-01  0.150991E+05  0.101986E+05  0.133294E+05  0.803591E+04  0.000000E+00  0.142642E+05
  0.203727E-01  0.149822E+05  0.981713E+04  0.128111E+05  0.744122E+04  0.000000E+00  0.141022E+05
  0.210633E-01  0.148592E+05  0.942065E+04  0.122731E+05  0.684815E+04  0.000000E+00  0.139326E+05
  0.217772E-01  0.147299E+05  0.900937E+04  0.117158E+05  0.625993E+04  0.000000E+00  0.137553E+05
  0.225154E-01  0.145941E+05  0.858372E+04  0.111399E+05  0.568003E+04  0.000000E+00  0.135701E+05
  0.232785E-01  0.144516E+05  0.814427E+04  0.105464E+05  0.511207E+04  0.000000E+00  0.133770E+05
  0.240676E-01  0.143024E+05  0.769182E+04  0.993640E+04  0.455982E+04  0.000000E+00  0.131761E+05
  0.248833E-01  0.141462E+05  0.722733E+04  0.931143E+04  0.402706E+04  0.000000E+00  0.129674E+05
  0.257268E-01  0.139829E+05  0.675201E+04  0.867324E+04  0.351758E+04  0.000000E+00  0.127510E+05
  0.265988E-01  0.138125E+05  0.626729E+04  0.802397E+04  0.303502E+04  0.000000E+00  0.125270E+05
  0.275003E-01  0.136349E+05  0.577487E+04  0.736605E+04  0.258279E+04  0.000000E+00  0.122958E+05
  0.284325E-01  0.134501E+05  0.527673E+04  0.670234E+04  0.216396E+04  0.000000E+00  0.120576E+05
  0.293962E-01  0.132580E+05  0.477513E+04  0.603603E+04  0.178114E+04  0.000000E+00  0.118127E+05
  0.303926E-01  0.130587E+05  0.427261E+04  0.537071E+04  0.143633E+04  0.000000E+00  0.115618E+05
  0.314227E-01  0.128522E+05  0.377203E+04  0.471040E+04  0.113081E+04  0.000000E+00  0.113052E+05
  0.324878E-01  0.126387E+05  0.327651E+04  0.405939E+04  0.865051E+03  0.000000E+00  0.110437E+05
  0.335890E-01  0.124222E+05  0.279268E+04  0.342648E+04  0.870521E+03  0.000000E+00  0.107816E+05
  0.347275E-01  0.121958E+05  0.231832E+04  0.280911E+04  0.712801E+03  0.000000E+00  0.105130E+05
  0.359046E-01  0.119631E+05  0.186011E+04  0.221611E+04  0.593284E+03  0.000000E+00  0.102418E+05
  0.371216E-01  0.117243E+05  0.142212E+04  0.165287E+04  0.508504E+03  0.000000E+00  0.996915E+04
  0.383798E-01  0.114799E+05  0.100858E+04  0.112494E+04  0.454062E+03  0.000000E+00  0.969593E+04
  0.396807E-01  0.112303E+05  0.623734E+03  0.637782E+03  0.424757E+03  0.000000E+00  0.942323E+04
  0.410257E-01  0.109758E+05  0.271803E+03  0.196735E+03  0.414822E+03  0.000000E+00  0.915214E+04
  0.424162E-01  0.107157E+05 -0.441934E+02 -0.194488E+03  0.300254E+03  0.000000E+00  0.888255E+04
  0.438539E-01  0.104529E+05 -0.318665E+03 -0.529109E+03  0.289924E+03  0.000000E+00  0.861771E+04
  0.453404E-01  0.101867E+05 -0.549138E+03 -0.804413E+03  0.278790E+03  0.000000E+00  0.835765E+04
  0.468772E-01  0.991796E+04 -0.732866E+03 -0.101752E+04  0.262186E+03  0.000000E+00  0.810338E+04
  0.484661E-01  0.964719E+04 -0.867881E+03 -0.116671E+04  0.236761E+03  0.000000E+00  0.785573E+04
  0.501089E-01  0.937514E+04 -0.952529E+03 -0.125103E+04  0.200787E+03  0.000000E+00  0.761561E+04
  0.518073E-01  0.910300E+04 -0.987645E+03 -0.127224E+04  0.227102E+03  0.000000E+00  0.738385E+04
  0.535634E-01  0.883056E+04 -0.974700E+03 -0.123358E+04  0.187847E+03  0.000000E+00  0.716004E+04
  0.553789E-01  0.855901E+04 -0.916032E+03 -0.113933E+04  0.145721E+03  0.000000E+00  0.694474E+04
  0.572560E-01  0.828907E+04 -0.815801E+03 -0.996063E+03  0.105230E+03  0.000000E+00  0.673787E+04
  0.591966E-01  0.802151E+04 -0.679687E+03 -0.812251E+03  0.712216E+02  0.000000E+00  0.653909E+04
  0.612031E-01  0.775674E+04 -0.515059E+03 -0.598318E+03 -0.734637E+00  0.000000E+00  0.634747E+04
  0.632776E-01  0.749599E+04 -0.330064E+03 -0.365477E+03 -0.224391E+02  0.000000E+00  0.616266E+04
  0.654224E-01  0.723968E+04 -0.134504E+03 -0.126631E+03 -0.312806E+02  0.000000E+00  0.598334E+04
  0.676399E-01  0.698843E+04  0.611821E+02  0.104973E+03 -0.285274E+02  0.000000E+00  0.580823E+04
  0.699326E-01  0.674275E+04  0.246175E+03  0.316175E+03 -0.176431E+02  0.000000E+00  0.563593E+04
  0.723029E-01  0.650328E+04  0.410024E+03  0.494906E+03  0.297753E+02  0.000000E+00  0.546517E+04
  0.747537E-01  0.627004E+04  0.542799E+03  0.630470E+03  0.495606E+02  0.000000E+00  0.529429E+04
  0.772874E-01  0.604341E+04  0.636453E+03  0.715150E+03  0.628974E+02  0.000000E+00  0.512222E+04
  0.799071E-01  0.582348E+04  0.685220E+03  0.744626E+03  0.666105E+02  0.000000E+00  0.494807E+04
  0.826156E-01  0.561026E+04  0.686341E+03  0.718690E+03  0.602919E+02  0.000000E+00  0.477137E+04
  0.854158E-01  0.540363E+04  0.640602E+03  0.641626E+03  0.464628E+02  0.000000E+00  0.459215E+04
  0.883110E-01  0.520338E+04  0.552688E+03  0.522251E+03  0.298260E+02  0.000000E+00  0.441104E+04
  0.913043E-01  0.500924E+04  0.431147E+03  0.373439E+03  0.157163E+02  0.000000E+00  0.422927E+04
  0.943991E-01  0.482088E+04  0.287940E+03  0.211112E+03  0.818281E+01  0.000000E+00  0.404860E+04
  0.975987E-01  0.463799E+04  0.137604E+03  0.527770E+02  0.841737E+01  0.000000E+00  0.387125E+04
  0.100907E+00  0.446025E+04 -0.414922E+01 -0.844529E+02  0.142421E+02  0.000000E+00  0.369965E+04
  0.104327E+00  0.428742E+04 -0.122131E+03 -0.186004E+03  0.210720E+02  0.000000E+00  0.353616E+04
  0.107863E+00  0.411929E+04 -0.203667E+03 -0.241983E+03  0.241202E+02  0.000000E+00  0.338279E+04
  0.111519E+00  0.395578E+04 -0.240506E+03 -0.248882E+03  0.209021E+02  0.000000E+00  0.324086E+04
  0.115299E+00  0.379683E+04 -0.230415E+03 -0.210499E+03  0.127014E+02  0.000000E+00  0.311071E+04
  0.119207E+00  0.364251E+04 -0.178031E+03 -0.137722E+03  0.396368E+01  0.000000E+00  0.299160E+04
  0.123248E+00  0.349290E+04 -0.946861E+02 -0.469661E+02 -0.337329E+00  0.000000E+00  0.288169E+04
  0.127425E+00  0.334815E+04  0.300897E+01  0.426188E+02  0.207765E+01  0.000000E+00  0.277823E+04
  0.131745E+00  0.320834E+04  0.958327E+02  0.112864E+03  0.916886E+01  0.000000E+00  0.267806E+04
  0.136210E+00  0.307357E+04  0.165520E+03  0.150453E+03  0.160202E+02  0.000000E+00  0.257813E+04
  0.140827E+00  0.294384E+04  0.198645E+03  0.150070E+03  0.186445E+02  0.000000E+00  0.247614E+04
  0.145600E+00  0.281903E+04  0.189935E+03  0.115855E+03  0.172412E+02  0.000000E+00  0.237111E+04
  0.150535E+00  0.269898E+04  0.143998E+03  0.604501E+02  0.158482E+02  0.000000E+00  0.226369E+04
  0.155638E+00  0.258345E+04  0.747120E+02  0.156946E+01  0.181787E+02  0.000000E+00  0.215603E+04
  0.160913E+00  0.247217E+04  0.196585E+01 -0.432361E+02  0.233466E+02  0.000000E+00  0.205132E+04
  0.166367E+00  0.236490E+04 -0.537779E+02 -0.621291E+02  0.261414E+02  0.000000E+00  0.195283E+04
  0.172006E+00  0.226147E+04 -0.776723E+02 -0.528881E+02  0.223067E+02  0.000000E+00  0.186295E+04
  0.177837E+00  0.216175E+04 -0.655286E+02 -0.235203E+02  0.133519E+02  0.000000E+00  0.178229E+04
  0.183864E+00  0.206570E+04 -0.255471E+02  0.111134E+02  0.499649E+01  0.000000E+00  0.170942E+04
  0.190096E+00  0.197332E+04  0.243806E+02  0.356249E+02  0.767792E+00  0.000000E+00  0.164128E+04
  0.196540E+00  0.188461E+04  0.634590E+02  0.408097E+02 -0.905873E+00  0.000000E+00  0.157434E+04
  0.203202E+00  0.179953E+04  0.765281E+02  0.275540E+02 -0.222976E+01  0.000000E+00  0.150598E+04
  0.210089E+00  0.171797E+04  0.606768E+02  0.571691E+01 -0.176006E+01  0.000000E+00  0.143561E+04
  0.217210E+00  0.163978E+04  0.265158E+02 -0.117310E+02  0.187036E+01  0.000000E+00  0.136492E+04
  0.224572E+00  0.156477E+04 -0.723112E+01 -0.162045E+02  0.490192E+01  0.000000E+00  0.129695E+04
  0.232184E+00  0.149278E+04 -0.236496E+02 -0.814556E+01  0.328005E+01  0.000000E+00  0.123443E+04
  0.240054E+00  0.142369E+04 -0.168602E+02  0.427277E+01  0.106150E+00  0.000000E+00  0.117826E+04
  0.248191E+00  0.135741E+04  0.504061E+01  0.115552E+02  0.270772E+00  0.000000E+00  0.112700E+04
  0.256603E+00  0.129389E+04  0.257038E+02  0.975754E+01  0.150893E+01  0.000000E+00  0.107783E+04
  0.265301E+00  0.123310E+04  0.316415E+02  0.254397E+01  0.676099E+00  0.000000E+00  0.102841E+04
  0.274293E+00  0.117494E+04  0.212261E+02 -0.302420E+01  0.105368E+01  0.000000E+00  0.978384E+03
  0.283590E+00  0.111931E+04  0.481951E+01 -0.300954E+01  0.335957E+01  0.000000E+00  0.929438E+03
  0.293203E+00  0.106609E+04 -0.429711E+01  0.616527E+00  0.350353E+01  0.000000E+00  0.883727E+03
  0.303141E+00  0.101516E+04 -0.863303E+00  0.317488E+01  0.293366E+01  0.000000E+00  0.842060E+03
  0.313416E+00  0.966442E+03  0.893974E+01  0.251430E+01  0.313072E+01  0.000000E+00  0.803312E+03
  0.324039E+00  0.919868E+03  0.145303E+02  0.476868E+00  0.113501E+01  0.000000E+00  0.765626E+03
  0.335023E+00  0.875368E+03  0.114135E+02 -0.327214E+00 -0.538877E+00  0.000000E+00  0.728176E+03
  0.346378E+00  0.832864E+03  0.456260E+01  0.303194E+00 -0.417189E+00  0.000000E+00  0.691746E+03
  0.358119E+00  0.792270E+03  0.165867E+01  0.858520E+00 -0.166761E-01  0.000000E+00  0.657573E+03
  0.370257E+00  0.753506E+03  0.433790E+01  0.681295E+00  0.117711E+01  0.000000E+00  0.625870E+03
  0.382807E+00  0.716500E+03  0.756895E+01  0.373762E+00  0.292438E+00  0.000000E+00  0.595719E+03
  0.395783E+00  0.681185E+03  0.700419E+01  0.311436E+00 -0.680339E-01  0.000000E+00  0.566325E+03
  0.409198E+00  0.647493E+03  0.418731E+01  0.284058E+00  0.545385E+00  0.000000E+00  0.537893E+03
  0.423068E+00  0.615355E+03  0.315712E+01  0.265686E+00  0.904246E+00  0.000000E+00  0.511055E+03
  0.437407E+00  0.584712E+03  0.436582E+01  0.324724E+00  0.109250E+01  0.000000E+00  0.485838E+03
  0.452233E+00  0.555500E+03  0.498470E+01  0.264788E+00  0.794838E+00  0.000000E+00  0.461709E+03
  0.467562E+00  0.527661E+03  0.398240E+01  0.123483E+00  0.166871E+00  0.000000E+00  0.438441E+03
  0.483410E+00  0.501130E+03  0.318098E+01  0.167317E+00 -0.263324E+00  0.000000E+00  0.416295E+03
  0.499795E+00  0.475855E+03  0.345277E+01  0.229525E+00 -0.642203E-02  0.000000E+00  0.395372E+03
  0.516736E+00  0.451782E+03  0.358063E+01  0.116716E+00  0.477458E+00  0.000000E+00  0.375421E+03
  0.534250E+00  0.428859E+03  0.309035E+01  0.843972E-01 -0.943335E-01  0.000000E+00  0.356320E+03
  0.552359E+00  0.407034E+03  0.282573E+01  0.152074E+00  0.304716E+00  0.000000E+00  0.338169E+03
  0.571081E+00  0.386260E+03  0.286689E+01  0.972745E-01  0.520987E+00  0.000000E+00  0.320941E+03
  0.590438E+00  0.366491E+03  0.268882E+01  0.599117E-01  0.235553E+00  0.000000E+00  0.304509E+03
  0.610451E+00  0.347681E+03  0.246189E+01  0.100332E+00  0.619428E-01  0.000000E+00  0.288866E+03
  0.631142E+00  0.329789E+03  0.239040E+01  0.632471E-01 -0.965688E-01  0.000000E+00  0.274010E+03
  0.652535E+00  0.312773E+03  0.226914E+01  0.519873E-01  0.126329E+00  0.000000E+00  0.259872E+03
  0.674653E+00  0.296593E+03  0.212082E+01  0.655692E-01  0.434333E-01  0.000000E+00  0.246424E+03
  0.697520E+00  0.281212E+03  0.202569E+01  0.387334E-01  0.196519E+00  0.000000E+00  0.233647E+03
  0.721163E+00  0.266592E+03  0.191806E+01  0.468845E-01  0.282555E+00  0.000000E+00  0.221499E+03
  0.745607E+00  0.252697E+03  0.181144E+01  0.357422E-01 -0.167740E-01  0.000000E+00  0.209953E+03
  0.770879E+00  0.239493E+03  0.171642E+01  0.334488E-01 -0.919273E-01  0.000000E+00  0.198983E+03
  0.797008E+00  0.226949E+03  0.162333E+01  0.295802E-01  0.840185E-01  0.000000E+00  0.188561E+03
  0.824022E+00  0.215035E+03  0.153734E+01  0.259210E-01  0.327235E-02  0.000000E+00  0.178661E+03
  0.851953E+00  0.203720E+03  0.145371E+01  0.231840E-01  0.159835E+00  0.000000E+00  0.169260E+03
  0.880830E+00  0.192978E+03  0.137671E+01  0.204985E-01 -0.201178E-01  0.000000E+00  0.160335E+03
  0.910686E+00  0.182780E+03  0.130364E+01  0.181261E-01 -0.126277E-01  0.000000E+00  0.151862E+03
  0.941553E+00  0.173101E+03  0.123317E+01  0.160975E-01  0.566757E-01  0.000000E+00  0.143820E+03
  0.973468E+00  0.163914E+03  0.116723E+01  0.142652E-01  0.108726E-01  0.000000E+00  0.136187E+03
  0.100646E+01  0.155197E+03  0.110396E+01  0.126160E-01  0.505358E-01  0.000000E+00  0.128944E+03
  0.104058E+01  0.146926E+03  0.104448E+01  0.111820E-01 -0.284371E-01  0.000000E+00  0.122072E+03
  0.107585E+01  0.139079E+03  0.988483E+00  0.991360E-02  0.438729E-01  0.000000E+00  0.115553E+03
  0.111231E+01  0.131637E+03  0.935416E+00  0.876358E-02  0.270073E-01  0.000000E+00  0.109370E+03
  0.115002E+01  0.124580E+03  0.885160E+00  0.776828E-02  0.235115E-01  0.000000E+00  0.103506E+03
  0.118900E+01  0.117889E+03  0.836945E+00  0.687611E-02  0.550604E-02  0.000000E+00  0.979467E+02
  0.122930E+01  0.111545E+03  0.791112E+00  0.608690E-02  0.254834E-01  0.000000E+00  0.926758E+02
  0.127096E+01  0.105532E+03  0.747863E+00  0.538672E-02  0.248118E-01  0.000000E+00  0.876795E+02
  0.131404E+01  0.998318E+02  0.707386E+00  0.476783E-02 -0.239424E-01  0.000000E+00  0.829439E+02
  0.135858E+01  0.944307E+02  0.669247E+00  0.422015E-02  0.136390E-01  0.000000E+00  0.784566E+02
  0.140463E+01  0.893128E+02  0.632937E+00  0.373380E-02  0.225312E-01  0.000000E+00  0.742044E+02
  0.145224E+01  0.844639E+02  0.598271E+00  0.330384E-02 -0.169338E-01  0.000000E+00  0.701756E+02
  0.150147E+01  0.798697E+02  0.565474E+00  0.292344E-02  0.792688E-02  0.000000E+00  0.663586E+02
  0.155236E+01  0.755185E+02  0.534639E+00  0.258556E-02  0.139434E-01  0.000000E+00  0.627435E+02
  0.160498E+01  0.713978E+02  0.505412E+00  0.228695E-02 -0.231542E-02  0.000000E+00  0.593198E+02
  0.165938E+01  0.674957E+02  0.477515E+00  0.202331E-02  0.636874E-02  0.000000E+00  0.560778E+02
  0.171562E+01  0.638012E+02  0.451111E+00  0.178921E-02  0.670844E-03  0.000000E+00  0.530082E+02
  0.177377E+01  0.603034E+02  0.426375E+00  0.158234E-02  0.175029E-01  0.000000E+00  0.501021E+02
  0.183390E+01  0.569925E+02  0.403038E+00  0.139893E-02  0.922653E-02  0.000000E+00  0.473513E+02
  0.189606E+01  0.538585E+02  0.380796E+00  0.123684E-02  0.774546E-02  0.000000E+00  0.447474E+02
  0.196032E+01  0.508923E+02  0.359762E+00  0.109357E-02  0.786804E-02  0.000000E+00  0.422830E+02
  0.202677E+01  0.480853E+02  0.339942E+00  0.966713E-03  0.785619E-03  0.000000E+00  0.399509E+02
  0.209547E+01  0.454294E+02  0.321085E+00  0.854507E-03  0.285939E-02  0.000000E+00  0.377443E+02
  0.216649E+01  0.429167E+02  0.303185E+00  0.755280E-03  0.425718E-02  0.000000E+00  0.356566E+02
  0.223993E+01  0.405397E+02  0.286371E+00  0.667476E-03  0.155858E-02  0.000000E+00  0.336818E+02
  0.231585E+01  0.382914E+02  0.270476E+00  0.589887E-03  0.588277E-02  0.000000E+00  0.318138E+02
  0.239434E+01  0.361649E+02  0.255434E+00  0.521221E-03  0.383645E-02  0.000000E+00  0.300470E+02
  0.247550E+01  0.341537E+02  0.241264E+00  0.460583E-03  0.443198E-02  0.000000E+00  0.283760E+02
  0.255941E+01  0.322519E+02  0.227817E+00  0.406931E-03 -0.258027E-02  0.000000E+00  0.267959E+02
  0.264616E+01  0.304536E+02  0.215069E+00  0.359509E-03 -0.201206E-03  0.000000E+00  0.253018E+02
  0.273585E+01  0.287534E+02  0.203031E+00  0.317569E-03  0.480847E-02  0.000000E+00  0.238893E+02
  0.282858E+01  0.271463E+02  0.191641E+00  0.280504E-03  0.597137E-03  0.000000E+00  0.225541E+02
  0.292446E+01  0.256272E+02  0.180917E+00  0.247761E-03  0.255950E-04  0.000000E+00  0.212919E+02
  0.302358E+01  0.241912E+02  0.170791E+00  0.218817E-03  0.360951E-02  0.000000E+00  0.200988E+02
  0.312607E+01  0.228341E+02  0.161220E+00  0.193247E-03  0.119458E-02  0.000000E+00  0.189713E+02
  0.323203E+01  0.215516E+02  0.152157E+00  0.170631E-03  0.385656E-03  0.000000E+00  0.179057E+02
  0.334158E+01  0.203397E+02  0.143576E+00  0.150672E-03 -0.160816E-02  0.000000E+00  0.168989E+02
  0.345484E+01  0.191947E+02  0.135473E+00  0.133034E-03  0.110312E-02  0.000000E+00  0.159476E+02
  0.357194E+01  0.181130E+02  0.127834E+00  0.117452E-03  0.226142E-02  0.000000E+00  0.150489E+02
  0.369301E+01  0.170911E+02  0.120631E+00  0.103692E-03  0.643816E-03  0.000000E+00  0.141998E+02
  0.381819E+01  0.161258E+02  0.113826E+00  0.915340E-04 -0.223496E-04  0.000000E+00  0.133978E+02
  0.394761E+01  0.152139E+02  0.107384E+00  0.807953E-04  0.111086E-02  0.000000E+00  0.126402E+02
  0.408141E+01  0.143528E+02  0.101292E+00  0.713120E-04  0.383363E-03  0.000000E+00  0.119247E+02
  0.421975E+01  0.135396E+02  0.955422E-01  0.629382E-04  0.426902E-03  0.000000E+00  0.112491E+02
  0.436278E+01  0.127716E+02  0.901271E-01  0.555450E-04  0.596387E-03  0.000000E+00  0.106111E+02
  0.451066E+01  0.120465E+02  0.850174E-01  0.490177E-04  0.276060E-03  0.000000E+00  0.100086E+02
  0.466355E+01  0.113618E+02  0.801867E-01  0.432546E-04  0.164193E-03  0.000000E+00  0.943977E+01
  0.482162E+01  0.107154E+02  0.756155E-01  0.381644E-04  0.758425E-03  0.000000E+00  0.890271E+01
  0.498505E+01  0.101052E+02  0.713028E-01  0.336725E-04 -0.319651E-03  0.000000E+00  0.839576E+01
  0.515402E+01  0.952926E+01  0.672403E-01  0.297089E-04  0.323455E-04  0.000000E+00  0.791721E+01
  0.532871E+01  0.898559E+01  0.634108E-01  0.262092E-04  0.552396E-03  0.000000E+00  0.746551E+01
  0.550933E+01  0.847241E+01  0.597895E-01  0.231204E-04 -0.860382E-04  0.000000E+00  0.703915E+01
  0.569607E+01  0.798812E+01  0.563655E-01  0.203949E-04 -0.715210E-04  0.000000E+00  0.663679E+01
  0.588914E+01  0.753111E+01  0.531372E-01  0.179896E-04  0.342466E-03  0.000000E+00  0.625709E+01
  0.608875E+01  0.709985E+01  0.500976E-01  0.158663E-04  0.169848E-03  0.000000E+00  0.589878E+01
  0.629513E+01  0.669291E+01  0.472301E-01  0.139937E-04  0.315744E-03  0.000000E+00  0.556069E+01
  0.650850E+01  0.630897E+01  0.445185E-01  0.123412E-04  0.112378E-03  0.000000E+00  0.524169E+01
  0.672911E+01  0.594674E+01  0.419581E-01  0.108832E-04  0.897107E-04  0.000000E+00  0.494074E+01
  0.695719E+01  0.560504E+01  0.395484E-01  0.959736E-05  0.107093E-03  0.000000E+00  0.465685E+01
  0.719301E+01  0.528268E+01  0.372771E-01  0.846239E-05  0.190491E-03  0.000000E+00  0.438902E+01
  0.743682E+01  0.497860E+01  0.351306E-01  0.746157E-05 -0.649910E-04  0.000000E+00  0.413638E+01
  0.768889E+01  0.469181E+01  0.331040E-01  0.657862E-05  0.961590E-04  0.000000E+00  0.389810E+01
  0.794951E+01  0.442132E+01  0.311959E-01  0.580008E-05  0.423892E-04  0.000000E+00  0.367337E+01
  0.821895E+01  0.416622E+01  0.293987E-01  0.511332E-05  0.408941E-04  0.000000E+00  0.346142E+01
  0.849754E+01  0.392563E+01  0.277002E-01  0.450769E-05 -0.503035E-04  0.000000E+00  0.326154E+01
  0.878556E+01  0.369878E+01  0.260973E-01  0.397351E-05 -0.116278E-04  0.000000E+00  0.307306E+01
  0.908335E+01  0.348487E+01  0.245890E-01  0.350248E-05 -0.133605E-04  0.000000E+00  0.289534E+01
  0.939123E+01  0.328317E+01  0.231676E-01  0.308721E-05  0.551987E-04  0.000000E+00  0.272777E+01
  0.970955E+01  0.309300E+01  0.218241E-01  0.272099E-05  0.131584E-03  0.000000E+00  0.256977E+01
  0.100386E+02  0.291373E+01  0.205586E-01  0.239812E-05  0.331001E-04  0.000000E+00  0.242082E+01
  0.103789E+02  0.274472E+01  0.193677E-01  0.211351E-05  0.464633E-04  0.000000E+00  0.228040E+01
  0.107307E+02  0.258539E+01  0.182434E-01  0.186252E-05 -0.495348E-05  0.000000E+00  0.214803E+01
  0.110944E+02  0.243521E+01  0.171825E-01  0.164128E-05  0.313863E-04  0.000000E+00  0.202325E+01
  0.114705E+02  0.229366E+01  0.161844E-01  0.144629E-05  0.602780E-04  0.000000E+00  0.190565E+01
  0.118593E+02  0.216023E+01  0.152436E-01  0.127439E-05  0.234653E-04  0.000000E+00  0.179479E+01
  0.122612E+02  0.203448E+01  0.143552E-01  0.112287E-05  0.570213E-04  0.000000E+00  0.169031E+01
  0.126768E+02  0.191598E+01  0.135195E-01  0.989331E-06  0.196205E-05  0.000000E+00  0.159186E+01
  0.131065E+02  0.180430E+01  0.127321E-01  0.871620E-06  0.459973E-04  0.000000E+00  0.149907E+01
  0.135508E+02  0.169906E+01  0.119888E-01  0.767886E-06  0.216600E-04  0.000000E+00  0.141163E+01
  0.140101E+02  0.159989E+01  0.112893E-01  0.676485E-06  0.217776E-04  0.000000E+00  0.132924E+01
  0.144849E+02  0.150646E+01  0.106305E-01  0.595932E-06  0.273036E-04  0.000000E+00  0.125161E+01
  0.149759E+02  0.141842E+01  0.100086E-01  0.524950E-06  0.171838E-04  0.000000E+00  0.117847E+01
  0.154835E+02  0.133548E+01  0.942369E-02  0.462397E-06  0.152963E-04  0.000000E+00  0.110956E+01
  0.160083E+02  0.125733E+01  0.887249E-02  0.407287E-06  0.617388E-05  0.000000E+00  0.104463E+01
  0.165509E+02  0.118372E+01  0.835263E-02  0.358734E-06 -0.207343E-04  0.000000E+00  0.983469E+00
  0.171119E+02  0.111437E+01  0.786375E-02  0.315954E-06 -0.124297E-05  0.000000E+00  0.925853E+00
  0.176919E+02  0.104904E+01  0.740267E-02  0.278269E-06 -0.182110E-04  0.000000E+00  0.871579E+00
  0.182916E+02  0.987513E+00  0.696836E-02  0.245063E-06  0.263930E-04  0.000000E+00  0.820457E+00
  0.189116E+02  0.929557E+00  0.655971E-02  0.215815E-06  0.983150E-05  0.000000E+00  0.772305E+00
  0.195526E+02  0.874969E+00  0.617420E-02  0.190050E-06  0.108588E-04  0.000000E+00  0.726952E+00
  0.202154E+02  0.823559E+00  0.581166E-02  0.167355E-06 -0.861313E-06  0.000000E+00  0.684239E+00
  0.209006E+02  0.775141E+00  0.546994E-02  0.147365E-06  0.435188E-05  0.000000E+00  0.644012E+00
  0.216090E+02  0.729544E+00  0.514814E-02  0.129759E-06 -0.100769E-04  0.000000E+00  0.606129E+00
  0.223414E+02  0.686606E+00  0.484532E-02  0.114252E-06 -0.614113E-05  0.000000E+00  0.570454E+00
  0.230987E+02  0.646173E+00  0.455982E-02  0.100593E-06  0.464996E-05  0.000000E+00  0.536861E+00
  0.238816E+02  0.608101E+00  0.429137E-02  0.885653E-07  0.103698E-04  0.000000E+00  0.505230E+00
  0.246911E+02  0.572249E+00  0.403823E-02  0.779731E-07 -0.536775E-05  0.000000E+00  0.475443E+00
  0.255280E+02  0.538497E+00  0.380019E-02  0.686444E-07  0.611018E-05  0.000000E+00  0.447401E+00
  0.263933E+02  0.506717E+00  0.357584E-02  0.604309E-07 -0.281576E-05  0.000000E+00  0.420997E+00
  0.272879E+02  0.476799E+00  0.336479E-02  0.531979E-07 -0.100181E-05  0.000000E+00  0.396140E+00
  0.282128E+02  0.448631E+00  0.316597E-02  0.468291E-07  0.708578E-05  0.000000E+00  0.372737E+00
  0.291691E+02  0.422115E+00  0.297890E-02  0.412218E-07 -0.888513E-05  0.000000E+00  0.350706E+00
  0.301578E+02  0.397152E+00  0.280272E-02  0.362840E-07 -0.133886E-05  0.000000E+00  0.329967E+00
  0.311800E+02  0.373655E+00  0.263694E-02  0.319371E-07  0.806779E-05  0.000000E+00  0.310445E+00
  0.322368E+02  0.351537E+00  0.248082E-02  0.281100E-07  0.108236E-05  0.000000E+00  0.292068E+00
  0.333295E+02  0.330718E+00  0.233394E-02  0.247409E-07 -0.672813E-05  0.000000E+00  0.274771E+00
  0.344592E+02  0.311122E+00  0.219562E-02  0.217746E-07  0.846535E-05  0.000000E+00  0.258490E+00
  0.356272E+02  0.292679E+00  0.206551E-02  0.191634E-07  0.768939E-05  0.000000E+00  0.243167E+00
  0.368348E+02  0.275321E+00  0.194297E-02  0.168651E-07  0.123428E-05  0.000000E+00  0.228746E+00
  0.380833E+02  0.258985E+00  0.182773E-02  0.148418E-07  0.398514E-05  0.000000E+00  0.215173E+00
  0.393741E+02  0.243611E+00  0.171920E-02  0.130610E-07  0.639025E-05  0.000000E+00  0.202400E+00
  0.407088E+02  0.229143E+00  0.161712E-02  0.114935E-07 -0.480789E-05  0.000000E+00  0.190379E+00
  0.420886E+02  0.215528E+00  0.152104E-02  0.101138E-07 -0.453032E-05  0.000000E+00  0.179068E+00
  0.435152E+02  0.202717E+00  0.143061E-02  0.889936E-08 -0.110402E-05  0.000000E+00  0.168423E+00
  0.449901E+02  0.190661E+00  0.134557E-02  0.783067E-08 -0.374556E-05  0.000000E+00  0.158408E+00
  0.465151E+02  0.179318E+00  0.126549E-02  0.689002E-08 -0.207273E-05  0.000000E+00  0.148983E+00
  0.480917E+02  0.168644E+00  0.119017E-02  0.606226E-08 -0.410634E-05  0.000000E+00  0.140115E+00
  0.497218E+02  0.158602E+00  0.111931E-02  0.533369E-08  0.313780E-05  0.000000E+00  0.131771E+00
  0.514071E+02  0.149154E+00  0.105262E-02  0.469266E-08 -0.232704E-05  0.000000E+00  0.123922E+00
  0.531495E+02  0.140264E+00  0.989895E-03  0.412848E-08  0.201932E-05  0.000000E+00  0.116536E+00
  0.549511E+02  0.131901E+00  0.930877E-03  0.363210E-08 -0.205552E-05  0.000000E+00  0.109588E+00
  0.568136E+02  0.124034E+00  0.875341E-03  0.319527E-08  0.413792E-06  0.000000E+00  0.103051E+00
  0.587394E+02  0.116633E+00  0.823111E-03  0.281090E-08  0.334728E-05  0.000000E+00  0.969021E-01
  0.607303E+02  0.109670E+00  0.773982E-03  0.247273E-08  0.328346E-05  0.000000E+00  0.911176E-01
  0.627888E+02  0.103121E+00  0.727750E-03  0.217518E-08  0.136555E-05  0.000000E+00  0.856761E-01
  0.649170E+02  0.969602E-01  0.684271E-03  0.191339E-08  0.170309E-05  0.000000E+00  0.805576E-01
  0.671174E+02  0.911652E-01  0.643379E-03  0.168304E-08  0.299097E-05  0.000000E+00  0.757429E-01
  0.693923E+02  0.857145E-01  0.604911E-03  0.148043E-08 -0.245156E-05  0.000000E+00  0.712144E-01
  0.717444E+02  0.805876E-01  0.568722E-03  0.130213E-08  0.195288E-05  0.000000E+00  0.669548E-01
  0.741761E+02  0.757657E-01  0.534690E-03  0.114530E-08  0.184387E-05  0.000000E+00  0.629486E-01
  0.766904E+02  0.712305E-01  0.502684E-03  0.100733E-08 -0.843687E-06  0.000000E+00  0.591806E-01
  0.792898E+02  0.669653E-01  0.472582E-03  0.885964E-09 -0.207215E-05  0.000000E+00  0.556369E-01
  0.819773E+02  0.629538E-01  0.444271E-03  0.779185E-09  0.144359E-05  0.000000E+00  0.523040E-01
  0.847559E+02  0.591814E-01  0.417643E-03  0.685266E-09  0.208961E-05  0.000000E+00  0.491698E-01
  0.876288E+02  0.556337E-01  0.392603E-03  0.602654E-09  0.191613E-05  0.000000E+00  0.462222E-01
  0.905989E+02  0.522975E-01  0.369056E-03  0.530000E-09 -0.176127E-05  0.000000E+00  0.434504E-01
  0.936699E+02  0.491601E-01  0.346913E-03  0.466078E-09  0.744132E-07  0.000000E+00  0.408438E-01
  0.968448E+02  0.462099E-01  0.326092E-03  0.409865E-09 -0.135430E-05  0.000000E+00  0.383926E-01
  0.100127E+03  0.434359E-01  0.306513E-03  0.360420E-09 -0.961910E-06  0.000000E+00  0.360879E-01
  0.103521E+03  0.408275E-01  0.288103E-03  0.316934E-09 -0.170408E-05  0.000000E+00  0.339208E-01
  0.107030E+03  0.383748E-01  0.270791E-03  0.278683E-09 -0.219130E-06  0.000000E+00  0.318830E-01
  0.110658E+03  0.360687E-01  0.254515E-03  0.245045E-09  0.131466E-05  0.000000E+00  0.299670E-01
  0.114409E+03  0.339005E-01  0.239211E-03  0.215463E-09  0.114913E-05  0.000000E+00  0.281656E-01
  0.118286E+03  0.318620E-01  0.224822E-03  0.189453E-09 -0.127644E-05  0.000000E+00  0.264720E-01
  0.122296E+03  0.299453E-01  0.211294E-03  0.166573E-09 -0.338784E-06  0.000000E+00  0.248795E-01
  0.126441E+03  0.281434E-01  0.198575E-03  0.146455E-09  0.126586E-06  0.000000E+00  0.233824E-01
  0.130727E+03  0.264494E-01  0.186618E-03  0.128762E-09  0.115212E-05  0.000000E+00  0.219750E-01
  0.135158E+03  0.248568E-01  0.175377E-03  0.113206E-09  0.733442E-08  0.000000E+00  0.206519E-01
  0.139739E+03  0.233596E-01  0.164809E-03  0.995274E-10 -0.828015E-06  0.000000E+00  0.194079E-01
  0.144475E+03  0.219522E-01  0.154875E-03  0.874978E-10  0.681171E-09  0.000000E+00  0.182386E-01
  0.149372E+03  0.206292E-01  0.145536E-03  0.769223E-10 -0.678979E-06  0.000000E+00  0.171394E-01
  0.154436E+03  0.193854E-01  0.136757E-03  0.676213E-10  0.401965E-06  0.000000E+00  0.161060E-01
  0.159670E+03  0.182164E-01  0.128505E-03  0.594453E-10  0.369196E-06  0.000000E+00  0.151347E-01
  0.165082E+03  0.171175E-01  0.120748E-03  0.522571E-10 -0.797845E-06  0.000000E+00  0.142218E-01
  0.170677E+03  0.160846E-01  0.113457E-03  0.459365E-10 -0.748182E-06  0.000000E+00  0.133636E-01
  0.176463E+03  0.151137E-01  0.106604E-03  0.403783E-10  0.631771E-06  0.000000E+00  0.125569E-01
  0.182444E+03  0.142011E-01  0.100162E-03  0.354927E-10  0.690916E-06  0.000000E+00  0.117987E-01
  0.188628E+03  0.133434E-01  0.941074E-04  0.311977E-10  0.592789E-06  0.000000E+00  0.110861E-01
  0.195021E+03  0.125373E-01  0.884169E-04  0.274220E-10 -0.156774E-07  0.000000E+00  0.104163E-01
  0.201632E+03  0.117796E-01  0.830683E-04  0.241023E-10  0.368723E-06  0.000000E+00  0.978683E-02
  0.208466E+03  0.110675E-01  0.780417E-04  0.211841E-10  0.479123E-06  0.000000E+00  0.919523E-02
  0.215532E+03  0.103983E-01  0.733178E-04  0.186191E-10  0.109125E-06  0.000000E+00  0.863922E-02
  0.222837E+03  0.976937E-02  0.688781E-04  0.163644E-10 -0.494365E-06  0.000000E+00  0.811670E-02
  0.230391E+03  0.917829E-02  0.647054E-04  0.143819E-10 -0.123786E-06  0.000000E+00  0.762560E-02
  0.238200E+03  0.862285E-02  0.607844E-04  0.126396E-10  0.996646E-07  0.000000E+00  0.716413E-02
  0.246273E+03  0.810088E-02  0.570996E-04  0.111080E-10 -0.157161E-06  0.000000E+00  0.673045E-02
  0.254621E+03  0.761034E-02  0.536367E-04  0.976168E-11  0.145758E-06  0.000000E+00  0.632290E-02
  0.263252E+03  0.714941E-02  0.503827E-04  0.857859E-11 -0.915250E-07  0.000000E+00  0.593994E-02
  0.272174E+03  0.671628E-02  0.473250E-04  0.753848E-11  0.913038E-07  0.000000E+00  0.558008E-02
  0.281400E+03  0.630928E-02  0.444516E-04  0.662437E-11  0.335546E-06  0.000000E+00  0.524194E-02
  0.290938E+03  0.592682E-02  0.417516E-04  0.582113E-11 -0.313410E-06  0.000000E+00  0.492418E-02
  0.300799E+03  0.556747E-02  0.392146E-04  0.511490E-11  0.288856E-06  0.000000E+00  0.462562E-02
  0.310995E+03  0.522983E-02  0.368309E-04  0.449438E-11  0.286033E-06  0.000000E+00  0.434509E-02
  0.321536E+03  0.491257E-02  0.345911E-04  0.394912E-11 -0.921327E-07  0.000000E+00  0.408151E-02
  0.332435E+03  0.461447E-02  0.324865E-04  0.346983E-11 -0.185434E-06  0.000000E+00  0.383384E-02
  0.343702E+03  0.433441E-02  0.305092E-04  0.304856E-11  0.163585E-06  0.000000E+00  0.360115E-02
  0.355352E+03  0.407128E-02  0.286513E-04  0.267849E-11 -0.972851E-07  0.000000E+00  0.338253E-02
  0.367397E+03  0.382405E-02  0.269058E-04  0.235323E-11 -0.559784E-07  0.000000E+00  0.317713E-02
  0.379850E+03  0.359178E-02  0.252659E-04  0.206740E-11 -0.888486E-07  0.000000E+00  0.298415E-02
  0.392725E+03  0.337355E-02  0.237251E-04  0.181619E-11  0.189819E-06  0.000000E+00  0.280284E-02
  0.406036E+03  0.316855E-02  0.222776E-04  0.159552E-11 -0.276753E-07  0.000000E+00  0.263252E-02
  0.419799E+03  0.297594E-02  0.209176E-04  0.140158E-11  0.162538E-06  0.000000E+00  0.247250E-02
  0.434028E+03  0.279502E-02  0.196401E-04  0.123123E-11 -0.163720E-06  0.000000E+00  0.232217E-02
  0.448740E+03  0.262505E-02  0.184399E-04  0.108152E-11 -0.152457E-06  0.000000E+00  0.218096E-02
  0.463949E+03  0.246537E-02  0.173124E-04  0.949982E-12 -0.139363E-06  0.000000E+00  0.204830E-02
  0.479676E+03  0.231537E-02  0.162532E-04  0.834384E-12  0.458115E-07  0.000000E+00  0.192367E-02
  0.495934E+03  0.217447E-02  0.152582E-04  0.732849E-12  0.129092E-06  0.000000E+00  0.180661E-02
  0.512744E+03  0.204211E-02  0.143235E-04  0.643668E-12 -0.869803E-07  0.000000E+00  0.169664E-02
  0.530123E+03  0.191779E-02  0.134455E-04  0.565299E-12 -0.559645E-07  0.000000E+00  0.159334E-02
  0.548092E+03  0.180099E-02  0.126207E-04  0.496441E-12  0.695843E-07  0.000000E+00  0.149631E-02
  0.566670E+03  0.169130E-02  0.118460E-04  0.435966E-12  0.292711E-07  0.000000E+00  0.140517E-02
  0.585877E+03  0.158826E-02  0.111183E-04  0.382834E-12  0.176499E-07  0.000000E+00  0.131956E-02
  0.605735E+03  0.149147E-02  0.104347E-04  0.336168E-12  0.562554E-07  0.000000E+00  0.123915E-02
  0.626267E+03  0.140056E-02  0.979264E-05  0.295179E-12 -0.860249E-07  0.000000E+00  0.116362E-02
  0.647494E+03  0.131518E-02  0.918957E-05  0.259167E-12  0.472706E-07  0.000000E+00  0.109268E-02
  0.669441E+03  0.123498E-02  0.862312E-05  0.227543E-12 -0.350072E-08  0.000000E+00  0.102605E-02
  0.692132E+03  0.115966E-02  0.809106E-05  0.199758E-12  0.654064E-07  0.000000E+00  0.963466E-03
  0.715592E+03  0.108892E-02  0.759134E-05  0.175369E-12 -0.561038E-07  0.000000E+00  0.904691E-03
  0.739846E+03  0.102248E-02  0.712200E-05  0.153938E-12 -0.299582E-08  0.000000E+00  0.849489E-03
  0.764923E+03  0.960076E-03  0.668119E-05  0.135121E-12  0.600811E-07  0.000000E+00  0.797645E-03
  0.790852E+03  0.901465E-03  0.626714E-05  0.118599E-12 -0.190150E-08  0.000000E+00  0.748950E-03
  0.817657E+03  0.846427E-03  0.587830E-05  0.104088E-12 -0.493738E-07  0.000000E+00  0.703223E-03
  0.845371E+03  0.794739E-03  0.551312E-05  0.913436E-13  0.318415E-07  0.000000E+00  0.660278E-03
  0.874025E+03  0.746197E-03  0.517016E-05  0.801565E-13  0.393452E-07  0.000000E+00  0.619948E-03
  0.903651E+03  0.700608E-03  0.484805E-05  0.703330E-13  0.294202E-07  0.000000E+00  0.582071E-03
  0.934280E+03  0.657799E-03  0.454556E-05  0.617074E-13  0.419946E-07  0.000000E+00  0.546504E-03
  0.965947E+03  0.617597E-03  0.426148E-05  0.541377E-13 -0.309508E-07  0.000000E+00  0.513103E-03
  0.998688E+03  0.579845E-03  0.399471E-05  0.474896E-13  0.137079E-07  0.000000E+00  0.481737E-03
  0.103254E+04  0.544391E-03  0.374417E-05  0.416533E-13  0.337091E-07  0.000000E+00  0.452281E-03
  0.106754E+04  0.511101E-03  0.350891E-05  0.365311E-13  0.132560E-07  0.000000E+00  0.424622E-03
  0.110372E+04  0.479840E-03  0.328799E-05  0.320359E-13  0.243701E-07  0.000000E+00  0.398649E-03
  0.114113E+04  0.450484E-03  0.308052E-05  0.280905E-13 -0.290737E-07  0.000000E+00  0.374259E-03
  0.117981E+04  0.422920E-03  0.288572E-05  0.246271E-13 -0.146429E-07  0.000000E+00  0.351359E-03
  0.121980E+04  0.397038E-03  0.270279E-05  0.215883E-13  0.207976E-07  0.000000E+00  0.329855E-03
  0.126115E+04  0.372735E-03  0.253103E-05  0.189223E-13 -0.748074E-08  0.000000E+00  0.309663E-03
  0.130389E+04  0.349914E-03  0.236974E-05  0.165824E-13 -0.195232E-07  0.000000E+00  0.290703E-03
  0.134809E+04  0.328488E-03  0.221831E-05  0.145299E-13 -0.212278E-07  0.000000E+00  0.272901E-03
  0.139378E+04  0.308370E-03  0.207613E-05  0.127294E-13 -0.108113E-07  0.000000E+00  0.256187E-03
  0.144102E+04  0.289481E-03  0.194263E-05  0.111500E-13 -0.830821E-08  0.000000E+00  0.240493E-03
  0.148987E+04  0.271745E-03  0.181729E-05  0.976454E-14 -0.163022E-07  0.000000E+00  0.225757E-03
  0.154037E+04  0.255092E-03  0.169962E-05  0.854986E-14 -0.138232E-07  0.000000E+00  0.211921E-03
  0.159258E+04  0.239458E-03  0.158915E-05  0.748425E-14  0.875408E-08  0.000000E+00  0.198932E-03
  0.164656E+04  0.224779E-03  0.148545E-05  0.655034E-14  0.115118E-07  0.000000E+00  0.186736E-03
  0.170237E+04  0.210997E-03  0.138810E-05  0.573190E-14 -0.116166E-07  0.000000E+00  0.175286E-03
  0.176007E+04  0.198058E-03  0.129672E-05  0.501423E-14 -0.130509E-07  0.000000E+00  0.164536E-03
  0.181973E+04  0.185911E-03  0.121095E-05  0.438512E-14  0.528841E-08  0.000000E+00  0.154444E-03
  0.188141E+04  0.174506E-03  0.113045E-05  0.383410E-14  0.111094E-07  0.000000E+00  0.144968E-03
  0.194518E+04  0.163800E-03  0.105490E-05  0.335134E-14  0.972791E-08  0.000000E+00  0.136073E-03
  0.201111E+04  0.153748E-03  0.984006E-06  0.292855E-14 -0.394012E-08  0.000000E+00  0.127722E-03
  0.207928E+04  0.144312E-03  0.917482E-06  0.255820E-14 -0.321329E-08  0.000000E+00  0.119882E-03
  0.214976E+04  0.135453E-03  0.855061E-06  0.223390E-14 -0.352259E-08  0.000000E+00  0.112522E-03
  0.222262E+04  0.127137E-03  0.796505E-06  0.194994E-14  0.824132E-08  0.000000E+00  0.105612E-03
  0.229796E+04  0.119330E-03  0.741578E-06  0.170161E-14 -0.374348E-08  0.000000E+00  0.991264E-04
  0.237585E+04  0.112002E-03  0.690062E-06  0.148420E-14 -0.667765E-08  0.000000E+00  0.930375E-04
  0.245638E+04  0.105122E-03  0.641750E-06  0.129405E-14 -0.629032E-08  0.000000E+00  0.873214E-04
  0.253964E+04  0.986635E-04  0.596455E-06  0.112778E-14 -0.551910E-08  0.000000E+00  0.819558E-04
  0.262572E+04  0.926012E-04  0.553996E-06  0.982475E-15 -0.242397E-08  0.000000E+00  0.769190E-04
  0.271471E+04  0.869104E-04  0.514204E-06  0.855433E-15 -0.570897E-08  0.000000E+00  0.721910E-04
  0.280673E+04  0.815682E-04  0.476918E-06  0.744447E-15 -0.519294E-08  0.000000E+00  0.677526E-04
  0.290187E+04  0.765539E-04  0.441994E-06  0.647560E-15 -0.301049E-08  0.000000E+00  0.635867E-04
  0.300022E+04  0.718470E-04  0.409291E-06  0.562950E-15  0.300694E-08  0.000000E+00  0.596762E-04
  0.310192E+04  0.674285E-04  0.378675E-06  0.489105E-15  0.430184E-08  0.000000E+00  0.560052E-04
  0.320706E+04  0.632814E-04  0.350029E-06  0.424755E-15 -0.274269E-08  0.000000E+00  0.525597E-04
  0.331576E+04  0.593888E-04  0.323237E-06  0.368624E-15  0.153329E-08  0.000000E+00  0.493258E-04
  0.342815E+04  0.557350E-04  0.298188E-06  0.319722E-15 -0.604645E-09  0.000000E+00  0.462902E-04
  0.354435E+04  0.523054E-04  0.274783E-06  0.277123E-15  0.199689E-08  0.000000E+00  0.434409E-04
  0.366448E+04  0.490865E-04  0.252927E-06  0.240036E-15  0.220288E-08  0.000000E+00  0.407667E-04
  0.378869E+04  0.460652E-04  0.232530E-06  0.207797E-15 -0.189885E-08  0.000000E+00  0.382567E-04
  0.391711E+04  0.432294E-04  0.213510E-06  0.179762E-15  0.105372E-09  0.000000E+00  0.359008E-04
  0.404988E+04  0.405677E-04  0.195784E-06  0.155422E-15  0.224871E-08  0.000000E+00  0.336895E-04
  0.418715E+04  0.380696E-04  0.179283E-06  0.134284E-15  0.174529E-08  0.000000E+00  0.316143E-04
  0.432907E+04  0.357251E-04  0.163935E-06  0.115946E-15 -0.191929E-08  0.000000E+00  0.296665E-04
  0.447581E+04  0.335245E-04  0.149673E-06  0.100044E-15 -0.214123E-08  0.000000E+00  0.278385E-04
  0.462752E+04  0.314592E-04  0.136437E-06  0.862695E-16 -0.115501E-08  0.000000E+00  0.261227E-04
  0.478437E+04  0.295209E-04  0.124167E-06  0.743533E-16 -0.133650E-08  0.000000E+00  0.245125E-04
  0.494653E+04  0.277017E-04  0.112809E-06  0.640547E-16  0.781008E-09  0.000000E+00  0.230014E-04
  0.511420E+04  0.259943E-04  0.102310E-06  0.551421E-16  0.999419E-09  0.000000E+00  0.215831E-04
  0.528755E+04  0.243920E-04  0.926195E-07  0.474573E-16  0.146284E-08  0.000000E+00  0.202521E-04
  0.546677E+04  0.228883E-04  0.836910E-07  0.408290E-16 -0.142195E-08  0.000000E+00  0.190031E-04
  0.565206E+04  0.214771E-04  0.754791E-07  0.351123E-16  0.918822E-09  0.000000E+00  0.178309E-04
  0.584365E+04  0.201526E-04  0.679402E-07  0.301949E-16 -0.128892E-08  0.000000E+00  0.167308E-04
  0.604171E+04  0.189097E-04  0.610341E-07  0.259593E-16  0.110183E-08  0.000000E+00  0.156985E-04
  0.624650E+04  0.177433E-04  0.547207E-07  0.223232E-16 -0.242742E-09  0.000000E+00  0.147297E-04
  0.645822E+04  0.166487E-04  0.489625E-07  0.191913E-16  0.413494E-09  0.000000E+00  0.138206E-04
  0.667713E+04  0.156214E-04  0.437226E-07  0.165081E-16  0.970659E-09  0.000000E+00  0.129674E-04
  0.690345E+04  0.146574E-04  0.389667E-07  0.142037E-16 -0.927513E-09  0.000000E+00  0.121669E-04
  0.713744E+04  0.137528E-04  0.346608E-07  0.122278E-16  0.221648E-09  0.000000E+00  0.114157E-04
  0.737936E+04  0.129039E-04  0.307725E-07  0.105322E-16 -0.192937E-09  0.000000E+00  0.107107E-04
  0.762949E+04  0.121073E-04  0.272705E-07  0.907731E-17  0.645740E-09  0.000000E+00  0.100492E-04
  0.788809E+04  0.113598E-04  0.241252E-07  0.783025E-17  0.638547E-09  0.000000E+00  0.942853E-05
  0.815546E+04  0.106583E-04  0.213079E-07  0.676026E-17  0.668206E-09  0.000000E+00  0.884610E-05
  0.843190E+04  0.100001E-04  0.187909E-07  0.584323E-17  0.419457E-09  0.000000E+00  0.829956E-05
  0.871769E+04  0.938242E-05  0.165483E-07  0.505513E-17  0.480487E-09  0.000000E+00  0.778676E-05
  0.901318E+04  0.880285E-05  0.145554E-07  0.437764E-17 -0.540304E-09  0.000000E+00  0.730558E-05
  0.931867E+04  0.825900E-05  0.127885E-07  0.379617E-17  0.118547E-09  0.000000E+00  0.685409E-05
  0.963454E+04  0.774867E-05  0.112255E-07  0.329400E-17  0.451532E-09  0.000000E+00  0.643043E-05
  0.996110E+04  0.726983E-05  0.984611E-08  0.286211E-17  0.443511E-09  0.000000E+00  0.603294E-05
  0.102987E+05  0.682052E-05  0.863095E-08  0.248993E-17 -0.166538E-09  0.000000E+00  0.565998E-05
  0.106478E+05  0.639894E-05  0.756234E-08  0.216770E-17  0.140488E-09  0.000000E+00  0.531004E-05
  0.110087E+05  0.600334E-05  0.662396E-08  0.188829E-17 -0.333571E-09  0.000000E+00  0.498167E-05
  0.113819E+05  0.563217E-05  0.580107E-08  0.164726E-17 -0.497143E-10  0.000000E+00  0.467360E-05
  0.117676E+05  0.528391E-05  0.508014E-08  0.143743E-17 -0.294217E-09  0.000000E+00  0.438455E-05
  0.121665E+05  0.495714E-05  0.444904E-08  0.125535E-17 -0.247002E-09  0.000000E+00  0.411335E-05
  0.125789E+05  0.465053E-05  0.389685E-08  0.109703E-17 -0.381025E-10  0.000000E+00  0.385888E-05
  0.130053E+05  0.436286E-05  0.341390E-08  0.958713E-18  0.252117E-09  0.000000E+00  0.362014E-05
  0.134461E+05  0.409295E-05  0.299155E-08  0.838495E-18 -0.236205E-09  0.000000E+00  0.339615E-05
  0.139018E+05  0.383970E-05  0.262215E-08  0.733783E-18 -0.200683E-09  0.000000E+00  0.318598E-05
  0.143730E+05  0.360211E-05  0.229901E-08  0.642116E-18  0.211023E-09  0.000000E+00  0.298880E-05
  0.148602E+05  0.337918E-05  0.201624E-08  0.561891E-18 -0.728574E-10  0.000000E+00  0.280382E-05
  0.153639E+05  0.317004E-05  0.176866E-08  0.492032E-18  0.176689E-09  0.000000E+00  0.263026E-05
  0.158847E+05  0.297379E-05  0.155178E-08  0.430860E-18 -0.164154E-09  0.000000E+00  0.246741E-05
  0.164231E+05  0.278969E-05  0.136172E-08  0.377349E-18  0.149866E-09  0.000000E+00  0.231464E-05
  0.169797E+05  0.261696E-05  0.119507E-08  0.330505E-18 -0.121906E-09  0.000000E+00  0.217131E-05
  0.175553E+05  0.245492E-05  0.104888E-08  0.289610E-18 -0.144451E-09  0.000000E+00  0.203685E-05
  0.181503E+05  0.230288E-05  0.920586E-09  0.253705E-18 -0.137350E-09  0.000000E+00  0.191069E-05
  0.187655E+05  0.216025E-05  0.807994E-09  0.222291E-18 -0.127199E-09  0.000000E+00  0.179234E-05
  0.194016E+05  0.202643E-05  0.709160E-09  0.194796E-18  0.120506E-09  0.000000E+00  0.168131E-05
  0.200592E+05  0.190090E-05  0.622400E-09  0.170665E-18  0.833614E-10  0.000000E+00  0.157715E-05
  0.207391E+05  0.178312E-05  0.546235E-09  0.149567E-18  0.514922E-10  0.000000E+00  0.147942E-05
  0.214421E+05  0.167263E-05  0.479383E-09  0.131085E-18 -0.133558E-10  0.000000E+00  0.138774E-05
  0.221688E+05  0.156897E-05  0.420705E-09  0.114919E-18 -0.676719E-10  0.000000E+00  0.130174E-05
  0.229203E+05  0.147173E-05  0.369201E-09  0.100784E-18 -0.851613E-10  0.000000E+00  0.122105E-05
  0.236971E+05  0.138050E-05  0.324001E-09  0.883109E-19  0.221994E-10  0.000000E+00  0.114536E-05
  0.245004E+05  0.129493E-05  0.284331E-09  0.774633E-19 -0.753979E-10  0.000000E+00  0.107436E-05
  0.253308E+05  0.121464E-05  0.249516E-09  0.679538E-19 -0.246799E-10  0.000000E+00  0.100775E-05
  0.261894E+05  0.113933E-05  0.218960E-09  0.595438E-19  0.589289E-10  0.000000E+00  0.945256E-06
  0.270771E+05  0.106868E-05  0.192146E-09  0.522536E-19  0.803826E-11  0.000000E+00  0.886638E-06
  0.279949E+05  0.100240E-05  0.168613E-09  0.457831E-19  0.455862E-10  0.000000E+00  0.831650E-06
  0.289437E+05  0.940228E-06  0.147962E-09  0.401797E-19  0.400818E-10  0.000000E+00  0.780066E-06
  0.299248E+05  0.881902E-06  0.129838E-09  0.352118E-19  0.429002E-10  0.000000E+00  0.731674E-06
  0.309391E+05  0.827192E-06  0.113933E-09  0.308839E-19  0.440815E-10  0.000000E+00  0.686282E-06
