0.101956E-04  0.170873E+05  0.170873E+05  0.227830E+05  0.227830E+05  0.000000E+00  0.170873E+05
  0.105412E-04  0.170873E+05  0.170873E+05  0.227830E+05  0.227830E+05  0.000000E+00  0.170873E+05
  0.108984E-04  0.170873E+05  0.170873E+05  0.227830E+05  0.227830E+05  0.000000E+00  0.170873E+05
  0.112678E-04  0.170873E+05  0.170873E+05  0.227830E+05  0.227830E+05  0.000000E+00  0.170873E+05
  0.116498E-04  0.170873E+05  0.170873E+05  0.227830E+05  0.227830E+05  0.000000E+00  0.170873E+05
  0.120446E-04  0.170873E+05  0.170873E+05  0.227830E+05  0.227830E+05  0.000000E+00  0.170873E+05
  0.124529E-04  0.170873E+05  0.170873E+05  0.227830E+05  0.227830E+05  0.000000E+00  0.170873E+05
  0.128750E-04  0.170873E+05  0.170873E+05  0.227830E+05  0.227830E+05  0.000000E+00  0.170873E+05
  0.133114E-04  0.170873E+05  0.170873E+05  0.227830E+05  0.227830E+05  0.000000E+00  0.170873E+05
  0.137626E-04  0.170873E+05  0.170873E+05  0.227830E+05  0.227830E+05  0.000000E+00  0.170873E+05
  0.142291E-04  0.170873E+05  0.170873E+05  0.227830E+05  0.227830E+05  0.000000E+00  0.170873E+05
  0.147114E-04  0.170873E+05  0.170873E+05  0.227830E+05  0.227830E+05  0.000000E+00  0.170873E+05
  0.152100E-04  0.170873E+05  0.170873E+05  0.227830E+05  0.227830E+05  0.000000E+00  0.170873E+05
  0.157255E-04  0.170873E+05  0.170872E+05  0.227830E+05  0.227830E+05  0.000000E+00  0.170873E+05
  0.162586E-04  0.170873E+05  0.170872E+05  0.227830E+05  0.227830E+05  0.000000E+00  0.170873E+05
  0.168097E-04  0.170873E+05  0.170872E+05  0.227830E+05  0.227830E+05  0.000000E+00  0.170873E+05
  0.173794E-04  0.170873E+05  0.170872E+05  0.227830E+05  0.227830E+05  0.000000E+00  0.170873E+05
  0.179685E-04  0.170873E+05  0.170872E+05  0.227830E+05  0.227830E+05  0.000000E+00  0.170873E+05
  0.185775E-04  0.170873E+05  0.170872E+05  0.227830E+05  0.227830E+05  0.000000E+00  0.170873E+05
  0.192072E-04  0.170873E+05  0.170872E+05  0.227830E+05  0.227830E+05  0.000000E+00  0.170873E+05
  0.198583E-04  0.170873E+05  0.170872E+05  0.227830E+05  0.227830E+05  0.000000E+00  0.170873E+05
  0.205314E-04  0.170873E+05  0.170872E+05  0.227830E+05  0.227830E+05  0.000000E+00  0.170873E+05
  0.212273E-04  0.170873E+05  0.170872E+05  0.227830E+05  0.227830E+05  0.000000E+00  0.170873E+05
  0.219468E-04  0.170873E+05  0.170872E+05  0.227830E+05  0.227830E+05  0.000000E+00  0.170873E+05
  0.226907E-04  0.170873E+05  0.170872E+05  0.227830E+05  0.227830E+05  0.000000E+00  0.170873E+05
  0.234598E-04  0.170873E+05  0.170872E+05  0.227830E+05  0.227830E+05  0.000000E+00  0.170873E+05
  0.242549E-04  0.170873E+05  0.170872E+05  0.227830E+05  0.227830E+05  0.000000E+00  0.170873E+05
  0.250771E-04  0.170873E+05  0.170872E+05  0.227830E+05  0.227830E+05  0.000000E+00  0.170872E+05
  0.259270E-04  0.170873E+05  0.170872E+05  0.227830E+05  0.227830E+05  0.000000E+00  0.170872E+05
  0.268058E-04  0.170873E+05  0.170872E+05  0.227830E+05  0.227830E+05  0.000000E+00  0.170872E+05
  0.277144E-04  0.170873E+05  0.170872E+05  0.227830E+05  0.227830E+05  0.000000E+00  0.170872E+05
  0.286538E-04  0.170873E+05  0.170872E+05  0.227830E+05  0.227830E+05  0.000000E+00  0.170872E+05
  0.296250E-04  0.170873E+05  0.170872E+05  0.227830E+05  0.227830E+05  0.000000E+00  0.170872E+05
  0.306292E-04  0.170872E+05  0.170872E+05  0.227830E+05  0.227830E+05  0.000000E+00  0.170872E+05
  0.316674E-04  0.170872E+05  0.170872E+05  0.227830E+05  0.227830E+05  0.000000E+00  0.170872E+05
  0.327407E-04  0.170872E+05  0.170872E+05  0.227830E+05  0.227829E+05  0.000000E+00  0.170872E+05
  0.338505E-04  0.170872E+05  0.170872E+05  0.227830E+05  0.227829E+05  0.000000E+00  0.170872E+05
  0.349979E-04  0.170872E+05  0.170872E+05  0.227830E+05  0.227829E+05  0.000000E+00  0.170872E+05
  0.361841E-04  0.170872E+05  0.170872E+05  0.227830E+05  0.227829E+05  0.000000E+00  0.170872E+05
  0.374106E-04  0.170872E+05  0.170872E+05  0.227830E+05  0.227829E+05  0.000000E+00  0.170872E+05
  0.386786E-04  0.170872E+05  0.170872E+05  0.227830E+05  0.227829E+05  0.000000E+00  0.170872E+05
  0.399896E-04  0.170872E+05  0.170872E+05  0.227830E+05  0.227829E+05  0.000000E+00  0.170872E+05
  0.413451E-04  0.170872E+05  0.170872E+05  0.227830E+05  0.227829E+05  0.000000E+00  0.170872E+05
  0.427465E-04  0.170872E+05  0.170872E+05  0.227830E+05  0.227829E+05  0.000000E+00  0.170872E+05
  0.441954E-04  0.170872E+05  0.170872E+05  0.227830E+05  0.227829E+05  0.000000E+00  0.170872E+05
  0.456934E-04  0.170872E+05  0.170872E+05  0.227829E+05  0.227829E+05  0.000000E+00  0.170872E+05
  0.472422E-04  0.170872E+05  0.170872E+05  0.227829E+05  0.227829E+05  0.000000E+00  0.170872E+05
  0.488434E-04  0.170872E+05  0.170872E+05  0.227829E+05  0.227829E+05  0.000000E+00  0.170872E+05
  0.504990E-04  0.170872E+05  0.170872E+05  0.227829E+05  0.227829E+05  0.000000E+00  0.170872E+05
  0.522107E-04  0.170872E+05  0.170872E+05  0.227829E+05  0.227829E+05  0.000000E+00  0.170872E+05
  0.539803E-04  0.170872E+05  0.170872E+05  0.227829E+05  0.227828E+05  0.000000E+00  0.170872E+05
  0.558100E-04  0.170872E+05  0.170872E+05  0.227829E+05  0.227828E+05  0.000000E+00  0.170872E+05
  0.577017E-04  0.170872E+05  0.170872E+05  0.227829E+05  0.227828E+05  0.000000E+00  0.170872E+05
  0.596575E-04  0.170872E+05  0.170872E+05  0.227829E+05  0.227828E+05  0.000000E+00  0.170872E+05
  0.616796E-04  0.170872E+05  0.170872E+05  0.227829E+05  0.227828E+05  0.000000E+00  0.170872E+05
  0.637702E-04  0.170872E+05  0.170872E+05  0.227829E+05  0.227828E+05  0.000000E+00  0.170872E+05
  0.659317E-04  0.170872E+05  0.170872E+05  0.227829E+05  0.227828E+05  0.000000E+00  0.170872E+05
  0.681665E-04  0.170872E+05  0.170872E+05  0.227829E+05  0.227827E+05  0.000000E+00  0.170872E+05
  0.704770E-04  0.170872E+05  0.170872E+05  0.227829E+05  0.227827E+05  0.000000E+00  0.170872E+05
  0.728658E-04  0.170872E+05  0.170871E+05  0.227829E+05  0.227827E+05  0.000000E+00  0.170872E+05
  0.753356E-04  0.170872E+05  0.170871E+05  0.227828E+05  0.227827E+05  0.000000E+00  0.170872E+05
  0.778891E-04  0.170872E+05  0.170871E+05  0.227828E+05  0.227827E+05  0.000000E+00  0.170872E+05
  0.805292E-04  0.170872E+05  0.170871E+05  0.227828E+05  0.227826E+05  0.000000E+00  0.170872E+05
  0.832588E-04  0.170872E+05  0.170871E+05  0.227828E+05  0.227826E+05  0.000000E+00  0.170872E+05
  0.860808E-04  0.170872E+05  0.170871E+05  0.227828E+05  0.227826E+05  0.000000E+00  0.170872E+05
  0.889986E-04  0.170872E+05  0.170871E+05  0.227828E+05  0.227826E+05  0.000000E+00  0.170872E+05
  0.920152E-04  0.170872E+05  0.170871E+05  0.227828E+05  0.227825E+05  0.000000E+00  0.170872E+05
  0.951340E-04  0.170872E+05  0.170871E+05  0.227827E+05  0.227825E+05  0.000000E+00  0.170872E+05
  0.983586E-04  0.170872E+05  0.170871E+05  0.227827E+05  0.227825E+05  0.000000E+00  0.170872E+05
  0.101692E-03  0.170872E+05  0.170870E+05  0.227827E+05  0.227824E+05  0.000000E+00  0.170872E+05
  0.105139E-03  0.170872E+05  0.170870E+05  0.227827E+05  0.227824E+05  0.000000E+00  0.170872E+05
  0.108703E-03  0.170872E+05  0.170870E+05  0.227827E+05  0.227823E+05  0.000000E+00  0.170872E+05
  0.112388E-03  0.170872E+05  0.170870E+05  0.227826E+05  0.227823E+05  0.000000E+00  0.170872E+05
  0.116197E-03  0.170872E+05  0.170870E+05  0.227826E+05  0.227822E+05  0.000000E+00  0.170871E+05
  0.120135E-03  0.170872E+05  0.170870E+05  0.227826E+05  0.227822E+05  0.000000E+00  0.170871E+05
  0.124207E-03  0.170872E+05  0.170869E+05  0.227826E+05  0.227821E+05  0.000000E+00  0.170871E+05
  0.128417E-03  0.170872E+05  0.170869E+05  0.227825E+05  0.227821E+05  0.000000E+00  0.170871E+05
  0.132770E-03  0.170872E+05  0.170869E+05  0.227825E+05  0.227820E+05  0.000000E+00  0.170871E+05
  0.137271E-03  0.170872E+05  0.170869E+05  0.227825E+05  0.227819E+05  0.000000E+00  0.170871E+05
  0.141923E-03  0.170871E+05  0.170868E+05  0.227824E+05  0.227819E+05  0.000000E+00  0.170871E+05
  0.146734E-03  0.170871E+05  0.170868E+05  0.227824E+05  0.227818E+05  0.000000E+00  0.170871E+05
  0.151707E-03  0.170871E+05  0.170868E+05  0.227823E+05  0.227817E+05  0.000000E+00  0.170871E+05
  0.156849E-03  0.170871E+05  0.170867E+05  0.227823E+05  0.227816E+05  0.000000E+00  0.170871E+05
  0.162166E-03  0.170871E+05  0.170867E+05  0.227822E+05  0.227815E+05  0.000000E+00  0.170870E+05
  0.167663E-03  0.170871E+05  0.170867E+05  0.227822E+05  0.227814E+05  0.000000E+00  0.170870E+05
  0.173345E-03  0.170871E+05  0.170866E+05  0.227821E+05  0.227813E+05  0.000000E+00  0.170870E+05
  0.179221E-03  0.170871E+05  0.170866E+05  0.227821E+05  0.227812E+05  0.000000E+00  0.170870E+05
  0.185296E-03  0.170871E+05  0.170865E+05  0.227820E+05  0.227810E+05  0.000000E+00  0.170870E+05
  0.191576E-03  0.170871E+05  0.170865E+05  0.227819E+05  0.227809E+05  0.000000E+00  0.170870E+05
  0.198070E-03  0.170870E+05  0.170864E+05  0.227819E+05  0.227808E+05  0.000000E+00  0.170869E+05
  0.204784E-03  0.170870E+05  0.170864E+05  0.227818E+05  0.227806E+05  0.000000E+00  0.170869E+05
  0.211725E-03  0.170870E+05  0.170863E+05  0.227817E+05  0.227804E+05  0.000000E+00  0.170869E+05
  0.218901E-03  0.170870E+05  0.170862E+05  0.227816E+05  0.227803E+05  0.000000E+00  0.170869E+05
  0.226321E-03  0.170870E+05  0.170862E+05  0.227815E+05  0.227801E+05  0.000000E+00  0.170868E+05
  0.233992E-03  0.170869E+05  0.170861E+05  0.227814E+05  0.227799E+05  0.000000E+00  0.170868E+05
  0.241923E-03  0.170869E+05  0.170860E+05  0.227813E+05  0.227796E+05  0.000000E+00  0.170868E+05
  0.250123E-03  0.170869E+05  0.170859E+05  0.227812E+05  0.227794E+05  0.000000E+00  0.170867E+05
  0.258601E-03  0.170869E+05  0.170858E+05  0.227810E+05  0.227792E+05  0.000000E+00  0.170867E+05
  0.267366E-03  0.170869E+05  0.170857E+05  0.227809E+05  0.227789E+05  0.000000E+00  0.170867E+05
  0.276429E-03  0.170868E+05  0.170856E+05  0.227808E+05  0.227786E+05  0.000000E+00  0.170866E+05
  0.285798E-03  0.170868E+05  0.170855E+05  0.227806E+05  0.227783E+05  0.000000E+00  0.170866E+05
  0.295486E-03  0.170868E+05  0.170854E+05  0.227804E+05  0.227780E+05  0.000000E+00  0.170865E+05
  0.305501E-03  0.170867E+05  0.170853E+05  0.227803E+05  0.227776E+05  0.000000E+00  0.170865E+05
  0.315856E-03  0.170867E+05  0.170851E+05  0.227801E+05  0.227773E+05  0.000000E+00  0.170864E+05
  0.326562E-03  0.170867E+05  0.170850E+05  0.227799E+05  0.227769E+05  0.000000E+00  0.170864E+05
  0.337631E-03  0.170866E+05  0.170848E+05  0.227797E+05  0.227765E+05  0.000000E+00  0.170863E+05
  0.349075E-03  0.170866E+05  0.170847E+05  0.227794E+05  0.227760E+05  0.000000E+00  0.170863E+05
  0.360907E-03  0.170865E+05  0.170845E+05  0.227792E+05  0.227755E+05  0.000000E+00  0.170862E+05
  0.373140E-03  0.170865E+05  0.170843E+05  0.227789E+05  0.227750E+05  0.000000E+00  0.170861E+05
  0.385788E-03  0.170864E+05  0.170841E+05  0.227786E+05  0.227745E+05  0.000000E+00  0.170860E+05
  0.398864E-03  0.170864E+05  0.170839E+05  0.227783E+05  0.227739E+05  0.000000E+00  0.170859E+05
  0.412383E-03  0.170863E+05  0.170837E+05  0.227780E+05  0.227732E+05  0.000000E+00  0.170859E+05
  0.426361E-03  0.170862E+05  0.170834E+05  0.227777E+05  0.227726E+05  0.000000E+00  0.170858E+05
  0.440813E-03  0.170862E+05  0.170831E+05  0.227773E+05  0.227719E+05  0.000000E+00  0.170857E+05
  0.455754E-03  0.170861E+05  0.170829E+05  0.227769E+05  0.227711E+05  0.000000E+00  0.170855E+05
  0.471202E-03  0.170860E+05  0.170826E+05  0.227765E+05  0.227703E+05  0.000000E+00  0.170854E+05
  0.487173E-03  0.170859E+05  0.170822E+05  0.227760E+05  0.227694E+05  0.000000E+00  0.170853E+05
  0.503686E-03  0.170858E+05  0.170819E+05  0.227756E+05  0.227684E+05  0.000000E+00  0.170852E+05
  0.520759E-03  0.170857E+05  0.170815E+05  0.227751E+05  0.227674E+05  0.000000E+00  0.170850E+05
  0.538410E-03  0.170856E+05  0.170811E+05  0.227745E+05  0.227664E+05  0.000000E+00  0.170849E+05
  0.556659E-03  0.170855E+05  0.170807E+05  0.227739E+05  0.227652E+05  0.000000E+00  0.170847E+05
  0.575527E-03  0.170854E+05  0.170802E+05  0.227733E+05  0.227640E+05  0.000000E+00  0.170845E+05
  0.595035E-03  0.170853E+05  0.170798E+05  0.227726E+05  0.227627E+05  0.000000E+00  0.170843E+05
  0.615204E-03  0.170851E+05  0.170792E+05  0.227719E+05  0.227613E+05  0.000000E+00  0.170841E+05
  0.636056E-03  0.170850E+05  0.170787E+05  0.227711E+05  0.227598E+05  0.000000E+00  0.170839E+05
  0.657615E-03  0.170848E+05  0.170781E+05  0.227703E+05  0.227582E+05  0.000000E+00  0.170837E+05
  0.679905E-03  0.170847E+05  0.170775E+05  0.227695E+05  0.227565E+05  0.000000E+00  0.170834E+05
  0.702951E-03  0.170845E+05  0.170768E+05  0.227685E+05  0.227546E+05  0.000000E+00  0.170832E+05
  0.726777E-03  0.170843E+05  0.170761E+05  0.227675E+05  0.227527E+05  0.000000E+00  0.170829E+05
  0.751412E-03  0.170841E+05  0.170753E+05  0.227665E+05  0.227506E+05  0.000000E+00  0.170826E+05
  0.776881E-03  0.170839E+05  0.170745E+05  0.227653E+05  0.227484E+05  0.000000E+00  0.170823E+05
  0.803213E-03  0.170837E+05  0.170736E+05  0.227641E+05  0.227460E+05  0.000000E+00  0.170819E+05
  0.830438E-03  0.170834E+05  0.170727E+05  0.227628E+05  0.227434E+05  0.000000E+00  0.170816E+05
  0.858586E-03  0.170831E+05  0.170717E+05  0.227614E+05  0.227407E+05  0.000000E+00  0.170812E+05
  0.887688E-03  0.170829E+05  0.170706E+05  0.227599E+05  0.227378E+05  0.000000E+00  0.170808E+05
  0.917776E-03  0.170825E+05  0.170694E+05  0.227583E+05  0.227347E+05  0.000000E+00  0.170803E+05
  0.948884E-03  0.170822E+05  0.170682E+05  0.227566E+05  0.227314E+05  0.000000E+00  0.170798E+05
  0.981047E-03  0.170819E+05  0.170669E+05  0.227548E+05  0.227278E+05  0.000000E+00  0.170793E+05
  0.101430E-02  0.170815E+05  0.170655E+05  0.227528E+05  0.227240E+05  0.000000E+00  0.170788E+05
  0.104868E-02  0.170811E+05  0.170640E+05  0.227508E+05  0.227199E+05  0.000000E+00  0.170782E+05
  0.108422E-02  0.170807E+05  0.170624E+05  0.227485E+05  0.227156E+05  0.000000E+00  0.170776E+05
  0.112097E-02  0.170802E+05  0.170607E+05  0.227462E+05  0.227109E+05  0.000000E+00  0.170769E+05
  0.115897E-02  0.170798E+05  0.170588E+05  0.227436E+05  0.227060E+05  0.000000E+00  0.170762E+05
  0.119825E-02  0.170792E+05  0.170569E+05  0.227409E+05  0.227007E+05  0.000000E+00  0.170754E+05
  0.123887E-02  0.170787E+05  0.170548E+05  0.227380E+05  0.226950E+05  0.000000E+00  0.170746E+05
  0.128086E-02  0.170781E+05  0.170525E+05  0.227349E+05  0.226890E+05  0.000000E+00  0.170737E+05
  0.132427E-02  0.170775E+05  0.170502E+05  0.227316E+05  0.226825E+05  0.000000E+00  0.170728E+05
  0.136916E-02  0.170768E+05  0.170476E+05  0.227281E+05  0.226756E+05  0.000000E+00  0.170718E+05
  0.141557E-02  0.170761E+05  0.170449E+05  0.227243E+05  0.226682E+05  0.000000E+00  0.170707E+05
  0.146355E-02  0.170753E+05  0.170419E+05  0.227202E+05  0.226603E+05  0.000000E+00  0.170696E+05
  0.151316E-02  0.170745E+05  0.170388E+05  0.227159E+05  0.226518E+05  0.000000E+00  0.170684E+05
  0.156445E-02  0.170736E+05  0.170355E+05  0.227113E+05  0.226428E+05  0.000000E+00  0.170671E+05
  0.161747E-02  0.170726E+05  0.170319E+05  0.227064E+05  0.226332E+05  0.000000E+00  0.170657E+05
  0.167230E-02  0.170716E+05  0.170281E+05  0.227011E+05  0.226229E+05  0.000000E+00  0.170642E+05
  0.172898E-02  0.170706E+05  0.170241E+05  0.226955E+05  0.226119E+05  0.000000E+00  0.170626E+05
  0.178758E-02  0.170694E+05  0.170197E+05  0.226894E+05  0.226001E+05  0.000000E+00  0.170609E+05
  0.184817E-02  0.170682E+05  0.170151E+05  0.226830E+05  0.225876E+05  0.000000E+00  0.170591E+05
  0.191082E-02  0.170669E+05  0.170101E+05  0.226761E+05  0.225742E+05  0.000000E+00  0.170572E+05
  0.197559E-02  0.170655E+05  0.170048E+05  0.226688E+05  0.225598E+05  0.000000E+00  0.170551E+05
  0.204255E-02  0.170640E+05  0.169991E+05  0.226609E+05  0.225445E+05  0.000000E+00  0.170529E+05
  0.211178E-02  0.170624E+05  0.169930E+05  0.226525E+05  0.225282E+05  0.000000E+00  0.170506E+05
  0.218336E-02  0.170606E+05  0.169865E+05  0.226435E+05  0.225107E+05  0.000000E+00  0.170480E+05
  0.225737E-02  0.170588E+05  0.169796E+05  0.226339E+05  0.224920E+05  0.000000E+00  0.170453E+05
  0.233388E-02  0.170569E+05  0.169722E+05  0.226237E+05  0.224721E+05  0.000000E+00  0.170424E+05
  0.241299E-02  0.170548E+05  0.169643E+05  0.226127E+05  0.224508E+05  0.000000E+00  0.170394E+05
  0.249477E-02  0.170525E+05  0.169559E+05  0.226010E+05  0.224280E+05  0.000000E+00  0.170361E+05
  0.257933E-02  0.170501E+05  0.169468E+05  0.225885E+05  0.224037E+05  0.000000E+00  0.170325E+05
  0.266676E-02  0.170476E+05  0.169372E+05  0.225752E+05  0.223778E+05  0.000000E+00  0.170288E+05
  0.275715E-02  0.170449E+05  0.169269E+05  0.225609E+05  0.223501E+05  0.000000E+00  0.170248E+05
  0.285060E-02  0.170419E+05  0.169159E+05  0.225456E+05  0.223205E+05  0.000000E+00  0.170205E+05
  0.294723E-02  0.170388E+05  0.169041E+05  0.225293E+05  0.222890E+05  0.000000E+00  0.170159E+05
  0.304712E-02  0.170355E+05  0.168915E+05  0.225119E+05  0.222552E+05  0.000000E+00  0.170110E+05
  0.315041E-02  0.170319E+05  0.168781E+05  0.224933E+05  0.222193E+05  0.000000E+00  0.170057E+05
  0.325719E-02  0.170281E+05  0.168637E+05  0.224735E+05  0.221808E+05  0.000000E+00  0.170001E+05
  0.336759E-02  0.170241E+05  0.168484E+05  0.224522E+05  0.221399E+05  0.000000E+00  0.169942E+05
  0.348174E-02  0.170197E+05  0.168320E+05  0.224296E+05  0.220961E+05  0.000000E+00  0.169878E+05
  0.359975E-02  0.170151E+05  0.168146E+05  0.224054E+05  0.220494E+05  0.000000E+00  0.169809E+05
  0.372177E-02  0.170102E+05  0.167959E+05  0.223795E+05  0.219996E+05  0.000000E+00  0.169737E+05
  0.384792E-02  0.170049E+05  0.167759E+05  0.223519E+05  0.219465E+05  0.000000E+00  0.169659E+05
  0.397834E-02  0.169992E+05  0.167546E+05  0.223224E+05  0.218899E+05  0.000000E+00  0.169575E+05
  0.411319E-02  0.169932E+05  0.167319E+05  0.222909E+05  0.218294E+05  0.000000E+00  0.169487E+05
  0.425260E-02  0.169867E+05  0.167076E+05  0.222573E+05  0.217650E+05  0.000000E+00  0.169392E+05
  0.439675E-02  0.169798E+05  0.166816E+05  0.222214E+05  0.216963E+05  0.000000E+00  0.169290E+05
  0.454577E-02  0.169725E+05  0.166540E+05  0.221831E+05  0.216231E+05  0.000000E+00  0.169182E+05
  0.469985E-02  0.169646E+05  0.166244E+05  0.221421E+05  0.215451E+05  0.000000E+00  0.169067E+05
  0.485916E-02  0.169562E+05  0.165928E+05  0.220985E+05  0.214620E+05  0.000000E+00  0.168943E+05
  0.502386E-02  0.169473E+05  0.165591E+05  0.220519E+05  0.213735E+05  0.000000E+00  0.168812E+05
  0.519414E-02  0.169377E+05  0.165232E+05  0.220021E+05  0.212792E+05  0.000000E+00  0.168671E+05
  0.537020E-02  0.169275E+05  0.164848E+05  0.219491E+05  0.211788E+05  0.000000E+00  0.168521E+05
  0.555222E-02  0.169166E+05  0.164439E+05  0.218924E+05  0.210720E+05  0.000000E+00  0.168360E+05
  0.574042E-02  0.169049E+05  0.164002E+05  0.218320E+05  0.209583E+05  0.000000E+00  0.168189E+05
  0.593499E-02  0.168925E+05  0.163537E+05  0.217676E+05  0.208374E+05  0.000000E+00  0.168007E+05
  0.613615E-02  0.168792E+05  0.163040E+05  0.216989E+05  0.207088E+05  0.000000E+00  0.167812E+05
  0.634414E-02  0.168651E+05  0.162510E+05  0.216256E+05  0.205721E+05  0.000000E+00  0.167604E+05
  0.655917E-02  0.168500E+05  0.161945E+05  0.215475E+05  0.204269E+05  0.000000E+00  0.167383E+05
  0.678150E-02  0.168338E+05  0.161343E+05  0.214643E+05  0.202727E+05  0.000000E+00  0.167146E+05
  0.701136E-02  0.168166E+05  0.160701E+05  0.213755E+05  0.201090E+05  0.000000E+00  0.166894E+05
  0.724901E-02  0.167983E+05  0.160017E+05  0.212810E+05  0.199352E+05  0.000000E+00  0.166625E+05
  0.749471E-02  0.167787E+05  0.159288E+05  0.211803E+05  0.197510E+05  0.000000E+00  0.166339E+05
  0.774875E-02  0.167578E+05  0.158512E+05  0.210730E+05  0.195557E+05  0.000000E+00  0.166033E+05
  0.801139E-02  0.167355E+05  0.157685E+05  0.209589E+05  0.193488E+05  0.000000E+00  0.165708E+05
  0.828294E-02  0.167118E+05  0.156805E+05  0.208373E+05  0.191298E+05  0.000000E+00  0.165361E+05
  0.856369E-02  0.166865E+05  0.155869E+05  0.207080E+05  0.188981E+05  0.000000E+00  0.164992E+05
  0.885396E-02  0.166595E+05  0.154872E+05  0.205704E+05  0.186532E+05  0.000000E+00  0.164598E+05
  0.915407E-02  0.166308E+05  0.153812E+05  0.204241E+05  0.183945E+05  0.000000E+00  0.164179E+05
  0.946434E-02  0.166002E+05  0.152685E+05  0.202686E+05  0.181214E+05  0.000000E+00  0.163733E+05
  0.978514E-02  0.165676E+05  0.151487E+05  0.201034E+05  0.178334E+05  0.000000E+00  0.163259E+05
  0.101168E-01  0.165329E+05  0.150215E+05  0.199279E+05  0.175300E+05  0.000000E+00  0.162754E+05
  0.104597E-01  0.164959E+05  0.148863E+05  0.197415E+05  0.172108E+05  0.000000E+00  0.162217E+05
  0.108143E-01  0.164566E+05  0.147429E+05  0.195438E+05  0.168751E+05  0.000000E+00  0.161646E+05
  0.111808E-01  0.164148E+05  0.145906E+05  0.193341E+05  0.165227E+05  0.000000E+00  0.161040E+05
  0.115598E-01  0.163703E+05  0.144292E+05  0.191118E+05  0.161532E+05  0.000000E+00  0.160396E+05
  0.119516E-01  0.163230E+05  0.142581E+05  0.188763E+05  0.157662E+05  0.000000E+00  0.159712E+05
  0.123567E-01  0.162727E+05  0.140769E+05  0.186269E+05  0.153615E+05  0.000000E+00  0.158986E+05
  0.127755E-01  0.162193E+05  0.138851E+05  0.183631E+05  0.149390E+05  0.000000E+00  0.158216E+05
  0.132086E-01  0.161626E+05  0.136822E+05  0.180842E+05  0.144987E+05  0.000000E+00  0.157400E+05
  0.136563E-01  0.161024E+05  0.134678E+05  0.177896E+05  0.140406E+05  0.000000E+00  0.156535E+05
  0.141191E-01  0.160385E+05  0.132413E+05  0.174786E+05  0.135650E+05  0.000000E+00  0.155619E+05
  0.145977E-01  0.159707E+05  0.130023E+05  0.171506E+05  0.130723E+05  0.000000E+00  0.154650E+05
  0.150925E-01  0.158989E+05  0.127503E+05  0.168050E+05  0.125630E+05  0.000000E+00  0.153625E+05
  0.156041E-01  0.158229E+05  0.124849E+05  0.164414E+05  0.120378E+05  0.000000E+00  0.152542E+05
  0.161330E-01  0.157424E+05  0.122057E+05  0.160591E+05  0.114977E+05  0.000000E+00  0.151398E+05
  0.166798E-01  0.156572E+05  0.119123E+05  0.156577E+05  0.109439E+05  0.000000E+00  0.150192E+05
  0.172452E-01  0.155671E+05  0.116044E+05  0.152367E+05  0.103778E+05  0.000000E+00  0.148920E+05
  0.178297E-01  0.154719E+05  0.112816E+05  0.147959E+05  0.980110E+04  0.000000E+00  0.147580E+05
  0.184340E-01  0.153714E+05  0.109438E+05  0.143350E+05  0.921569E+04  0.000000E+00  0.146171E+05
  0.190588E-01  0.152654E+05  0.105907E+05  0.138538E+05  0.862381E+04  0.000000E+00  0.144689E+05
  0.197048E-01  0.151536E+05  0.102224E+05  0.133524E+05  0.802797E+04  0.000000E+00  0.143135E+05
  0.203727E-01  0.150359E+05  0.983874E+04  0.128310E+05  0.743093E+04  0.000000E+00  0.141505E+05
  0.210633E-01  0.149121E+05  0.944001E+04  0.122897E+05  0.683572E+04  0.000000E+00  0.139798E+05
  0.217772E-01  0.147819E+05  0.902645E+04  0.117291E+05  0.624562E+04  0.000000E+00  0.138014E+05
  0.225154E-01  0.146452E+05  0.859849E+04  0.111499E+05  0.566411E+04  0.000000E+00  0.136150E+05
  0.232785E-01  0.145019E+05  0.815671E+04  0.105531E+05  0.509485E+04  0.000000E+00  0.134208E+05
  0.240676E-01  0.143517E+05  0.770192E+04  0.993988E+04  0.454161E+04  0.000000E+00  0.132187E+05
  0.248833E-01  0.141945E+05  0.723511E+04  0.931171E+04  0.400821E+04  0.000000E+00  0.130088E+05
  0.257268E-01  0.140302E+05  0.675748E+04  0.867041E+04  0.349843E+04  0.000000E+00  0.127912E+05
  0.265988E-01  0.138588E+05  0.627049E+04  0.801812E+04  0.301591E+04  0.000000E+00  0.125660E+05
  0.275003E-01  0.136801E+05  0.577587E+04  0.735735E+04  0.256408E+04  0.000000E+00  0.123335E+05
  0.284325E-01  0.134942E+05  0.527561E+04  0.669094E+04  0.214598E+04  0.000000E+00  0.120940E+05
  0.293962E-01  0.133010E+05  0.477198E+04  0.602216E+04  0.176419E+04  0.000000E+00  0.118479E+05
  0.303926E-01  0.131005E+05  0.426756E+04  0.535462E+04  0.142066E+04  0.000000E+00  0.115956E+05
  0.314227E-01  0.128929E+05  0.376525E+04  0.469236E+04  0.111666E+04  0.000000E+00  0.113378E+05
  0.324878E-01  0.126783E+05  0.326817E+04  0.403974E+04  0.852566E+03  0.000000E+00  0.110751E+05
  0.335890E-01  0.124606E+05  0.278302E+04  0.340562E+04  0.862677E+03  0.000000E+00  0.108118E+05
  0.347275E-01  0.122330E+05  0.230753E+04  0.278740E+04  0.707036E+03  0.000000E+00  0.105420E+05
  0.359046E-01  0.119991E+05  0.184845E+04  0.219397E+04  0.589546E+03  0.000000E+00  0.102697E+05
  0.371216E-01  0.117591E+05  0.140986E+04  0.163075E+04  0.506660E+03  0.000000E+00  0.999591E+04
  0.383798E-01  0.115135E+05  0.996026E+03  0.110330E+04  0.453898E+03  0.000000E+00  0.972164E+04
  0.396807E-01  0.112626E+05  0.611189E+03  0.617090E+03  0.425993E+03  0.000000E+00  0.944793E+04
  0.410257E-01  0.110069E+05  0.259589E+03  0.177467E+03  0.417123E+03  0.000000E+00  0.917591E+04
  0.424162E-01  0.107457E+05 -0.557691E+02 -0.211894E+03  0.301462E+03  0.000000E+00  0.890543E+04
  0.438539E-01  0.104816E+05 -0.329269E+03 -0.544213E+03  0.291203E+03  0.000000E+00  0.863978E+04
  0.453404E-01  0.102144E+05 -0.558464E+03 -0.816835E+03  0.279777E+03  0.000000E+00  0.837899E+04
  0.468772E-01  0.994447E+04 -0.740630E+03 -0.102694E+04  0.262578E+03  0.000000E+00  0.812405E+04
  0.484661E-01  0.967259E+04 -0.873833E+03 -0.117289E+04  0.236340E+03  0.000000E+00  0.787580E+04
  0.501089E-01  0.939948E+04 -0.956466E+03 -0.125384E+04  0.199447E+03  0.000000E+00  0.763514E+04
  0.518073E-01  0.912632E+04 -0.989412E+03 -0.127164E+04  0.226144E+03  0.000000E+00  0.740290E+04
  0.535634E-01  0.885289E+04 -0.974225E+03 -0.122968E+04  0.186354E+03  0.000000E+00  0.717864E+04
  0.553789E-01  0.858039E+04 -0.913316E+03 -0.113236E+04  0.143957E+03  0.000000E+00  0.696294E+04
  0.572560E-01  0.830954E+04 -0.810931E+03 -0.986410E+03  0.103524E+03  0.000000E+00  0.675568E+04
  0.591966E-01  0.804112E+04 -0.672844E+03 -0.800420E+03  0.699221E+02  0.000000E+00  0.655652E+04
  0.612031E-01  0.777553E+04 -0.506522E+03 -0.584950E+03 -0.228867E+01  0.000000E+00  0.636451E+04
  0.632776E-01  0.751402E+04 -0.320193E+03 -0.351309E+03 -0.232696E+02  0.000000E+00  0.617930E+04
  0.654224E-01  0.725699E+04 -0.123746E+03 -0.112474E+03 -0.313404E+02  0.000000E+00  0.599953E+04
  0.676399E-01  0.700507E+04  0.723175E+02  0.118278E+03 -0.279296E+02  0.000000E+00  0.582393E+04
  0.699326E-01  0.675876E+04  0.257136E+03  0.327811E+03 -0.166481E+02  0.000000E+00  0.565107E+04
  0.723029E-01  0.651869E+04  0.420250E+03  0.504144E+03  0.314731E+02  0.000000E+00  0.547970E+04
  0.747537E-01  0.628490E+04  0.551751E+03  0.636722E+03  0.510332E+02  0.000000E+00  0.530814E+04
  0.772874E-01  0.605775E+04  0.643660E+03  0.718037E+03  0.638354E+02  0.000000E+00  0.513535E+04
  0.799071E-01  0.583732E+04  0.690318E+03  0.744030E+03  0.668552E+02  0.000000E+00  0.496042E+04
  0.826156E-01  0.562361E+04  0.689114E+03  0.714790E+03  0.598840E+02  0.000000E+00  0.478292E+04
  0.854158E-01  0.541651E+04  0.641015E+03  0.634910E+03  0.456342E+02  0.000000E+00  0.460291E+04
  0.883110E-01  0.521579E+04  0.550906E+03  0.513494E+03  0.289267E+02  0.000000E+00  0.442103E+04
  0.913043E-01  0.502119E+04  0.427539E+03  0.363645E+03  0.150934E+02  0.000000E+00  0.423857E+04
  0.943991E-01  0.483236E+04  0.283058E+03  0.201423E+03  0.804946E+01  0.000000E+00  0.405730E+04
  0.975987E-01  0.464901E+04  0.132138E+03  0.443380E+02  0.876539E+01  0.000000E+00  0.387947E+04
  0.100907E+00  0.447081E+04 -0.943794E+01 -0.906411E+02  0.148443E+02  0.000000E+00  0.370751E+04
  0.104327E+00  0.429753E+04 -0.126503E+03 -0.189238E+03  0.215877E+02  0.000000E+00  0.354380E+04
  0.107863E+00  0.412896E+04 -0.206501E+03 -0.241985E+03  0.242673E+02  0.000000E+00  0.339032E+04
  0.111519E+00  0.396501E+04 -0.241400E+03 -0.245876E+03  0.206135E+02  0.000000E+00  0.324836E+04
  0.115299E+00  0.380564E+04 -0.229256E+03 -0.205210E+03  0.121725E+02  0.000000E+00  0.311821E+04
  0.119207E+00  0.365092E+04 -0.175037E+03 -0.131276E+03  0.354522E+01  0.000000E+00  0.299909E+04
  0.123248E+00  0.350094E+04 -0.903874E+02 -0.407001E+02 -0.357581E+00  0.000000E+00  0.288908E+04
  0.127425E+00  0.335583E+04  0.784793E+01  0.474194E+02  0.248541E+01  0.000000E+00  0.278543E+04
  0.131745E+00  0.321570E+04  0.100350E+03  0.115250E+03  0.975213E+01  0.000000E+00  0.268494E+04
  0.136210E+00  0.308063E+04  0.168931E+03  0.150049E+03  0.164354E+02  0.000000E+00  0.258456E+04
  0.140827E+00  0.295060E+04  0.200416E+03  0.147197E+03  0.187364E+02  0.000000E+00  0.248205E+04
  0.145600E+00  0.282552E+04  0.189924E+03  0.111468E+03  0.171745E+02  0.000000E+00  0.237649E+04
  0.150535E+00  0.270520E+04  0.142499E+03  0.558951E+02  0.159420E+02  0.000000E+00  0.226859E+04
  0.155638E+00  0.258939E+04  0.723957E+02 -0.181026E+01  0.185645E+02  0.000000E+00  0.216057E+04
  0.160913E+00  0.247785E+04 -0.304739E+00 -0.445296E+02  0.237850E+02  0.000000E+00  0.205564E+04
  0.166367E+00  0.237032E+04 -0.552006E+02 -0.611740E+02  0.262339E+02  0.000000E+00  0.195708E+04
  0.172006E+00  0.226663E+04 -0.777631E+02 -0.503358E+02  0.219202E+02  0.000000E+00  0.186722E+04
  0.177837E+00  0.216668E+04 -0.642867E+02 -0.205844E+02  0.127749E+02  0.000000E+00  0.178659E+04
  0.183864E+00  0.207040E+04 -0.234533E+02  0.131597E+02  0.460767E+01  0.000000E+00  0.171367E+04
  0.190096E+00  0.197780E+04  0.265537E+02  0.360053E+02  0.624169E+00  0.000000E+00  0.164537E+04
  0.196540E+00  0.188889E+04  0.649665E+02  0.395916E+02 -0.996883E+00  0.000000E+00  0.157815E+04
  0.203202E+00  0.180362E+04  0.769722E+02  0.255840E+02 -0.229036E+01  0.000000E+00  0.150945E+04
  0.210089E+00  0.172187E+04  0.601746E+02  0.413976E+01 -0.160705E+01  0.000000E+00  0.143877E+04
  0.217210E+00  0.164350E+04  0.256177E+02 -0.121284E+02  0.217038E+01  0.000000E+00  0.136786E+04
  0.224572E+00  0.156832E+04 -0.784845E+01 -0.154353E+02  0.497347E+01  0.000000E+00  0.129979E+04
  0.232184E+00  0.149617E+04 -0.235571E+02 -0.695013E+01  0.306122E+01  0.000000E+00  0.123725E+04
  0.240054E+00  0.142691E+04 -0.161001E+02  0.498889E+01 -0.135479E-02  0.000000E+00  0.118106E+04
  0.248191E+00  0.136047E+04  0.602616E+01  0.113809E+02  0.386831E+00  0.000000E+00  0.112972E+04
  0.256603E+00  0.129682E+04  0.263978E+02  0.902552E+01  0.152110E+01  0.000000E+00  0.108037E+04
  0.265301E+00  0.123589E+04  0.318071E+02  0.196540E+01  0.616505E+00  0.000000E+00  0.103075E+04
  0.274293E+00  0.117760E+04  0.210348E+02 -0.301607E+01  0.119577E+01  0.000000E+00  0.980553E+03
  0.283590E+00  0.112184E+04  0.466190E+01 -0.259955E+01  0.348047E+01  0.000000E+00  0.931507E+03
  0.293203E+00  0.106849E+04 -0.415099E+01  0.912897E+00  0.345489E+01  0.000000E+00  0.885747E+03
  0.303141E+00  0.101745E+04 -0.460748E+00  0.309081E+01  0.296686E+01  0.000000E+00  0.844027E+03
  0.313416E+00  0.968619E+03  0.933855E+01  0.225624E+01  0.309419E+01  0.000000E+00  0.805186E+03
  0.324039E+00  0.921940E+03  0.147298E+02  0.380874E+00  0.963053E+00  0.000000E+00  0.767378E+03
  0.335023E+00  0.877339E+03  0.114488E+02 -0.221152E+00 -0.560772E+00  0.000000E+00  0.729817E+03
  0.346378E+00  0.834738E+03  0.460918E+01  0.392750E+00 -0.408525E+00  0.000000E+00  0.693309E+03
  0.358119E+00  0.794051E+03  0.181979E+01  0.818090E+00  0.582243E-01  0.000000E+00  0.659078E+03
  0.370257E+00  0.755199E+03  0.455709E+01  0.619600E+00  0.120764E+01  0.000000E+00  0.627312E+03
  0.382807E+00  0.718109E+03  0.773670E+01  0.382482E+00  0.196617E+00  0.000000E+00  0.597083E+03
  0.395783E+00  0.682715E+03  0.709761E+01  0.333296E+00 -0.132063E-01  0.000000E+00  0.567610E+03
  0.409198E+00  0.648947E+03  0.427250E+01  0.269414E+00  0.557294E+00  0.000000E+00  0.539113E+03
  0.423068E+00  0.616736E+03  0.328107E+01  0.255940E+00  0.955588E+00  0.000000E+00  0.512221E+03
  0.437407E+00  0.586023E+03  0.450052E+01  0.333910E+00  0.106365E+01  0.000000E+00  0.486949E+03
  0.452233E+00  0.556746E+03  0.508852E+01  0.258923E+00  0.798345E+00  0.000000E+00  0.462760E+03
  0.467562E+00  0.528843E+03  0.406594E+01  0.113263E+00  0.863620E-01  0.000000E+00  0.439437E+03
  0.483410E+00  0.502253E+03  0.327481E+01  0.173694E+00 -0.231895E+00  0.000000E+00  0.417242E+03
  0.499795E+00  0.476921E+03  0.355128E+01  0.229964E+00  0.370571E-02  0.000000E+00  0.396273E+03
  0.516736E+00  0.452793E+03  0.366434E+01  0.107956E+00  0.488245E+00  0.000000E+00  0.376275E+03
  0.534250E+00  0.429819E+03  0.316622E+01  0.861710E-01 -0.113358E+00  0.000000E+00  0.357130E+03
  0.552359E+00  0.407945E+03  0.290448E+01  0.154144E+00  0.329107E+00  0.000000E+00  0.338938E+03
  0.571081E+00  0.387124E+03  0.294121E+01  0.920434E-01  0.537309E+00  0.000000E+00  0.321671E+03
  0.590438E+00  0.367310E+03  0.275603E+01  0.603358E-01  0.210858E+00  0.000000E+00  0.305201E+03
  0.610451E+00  0.348458E+03  0.252769E+01  0.101344E+00  0.279986E-01  0.000000E+00  0.289522E+03
  0.631142E+00  0.330526E+03  0.245317E+01  0.599992E-01 -0.642980E-01  0.000000E+00  0.274632E+03
  0.652535E+00  0.313472E+03  0.232758E+01  0.531431E-01  0.137701E+00  0.000000E+00  0.260462E+03
  0.674653E+00  0.297256E+03  0.217693E+01  0.646116E-01  0.188137E-01  0.000000E+00  0.246983E+03
  0.697520E+00  0.281840E+03  0.207879E+01  0.378919E-01  0.212065E+00  0.000000E+00  0.234177E+03
  0.721163E+00  0.267187E+03  0.196833E+01  0.472132E-01  0.271099E+00  0.000000E+00  0.222002E+03
  0.745607E+00  0.253261E+03  0.185918E+01  0.347103E-01 -0.609440E-02  0.000000E+00  0.210430E+03
  0.770879E+00  0.240028E+03  0.176165E+01  0.336745E-01 -0.802632E-01  0.000000E+00  0.199434E+03
  0.797008E+00  0.227456E+03  0.166619E+01  0.289608E-01  0.831332E-01  0.000000E+00  0.188988E+03
  0.824022E+00  0.215515E+03  0.157799E+01  0.259055E-01 -0.148552E-02  0.000000E+00  0.179066E+03
  0.851953E+00  0.204175E+03  0.149221E+01  0.228600E-01  0.153306E+00  0.000000E+00  0.169644E+03
  0.880830E+00  0.193408E+03  0.141320E+01  0.203673E-01 -0.396956E-01  0.000000E+00  0.160698E+03
  0.910686E+00  0.183187E+03  0.133820E+01  0.179539E-01 -0.162342E-01  0.000000E+00  0.152206E+03
  0.941553E+00  0.173487E+03  0.126591E+01  0.159519E-01  0.553517E-01  0.000000E+00  0.144145E+03
  0.973468E+00  0.164280E+03  0.119823E+01  0.141433E-01  0.205553E-01  0.000000E+00  0.136496E+03
  0.100646E+01  0.155543E+03  0.113332E+01  0.125065E-01  0.436567E-01  0.000000E+00  0.129236E+03
  0.104058E+01  0.147253E+03  0.107227E+01  0.110788E-01 -0.146966E-01  0.000000E+00  0.122348E+03
  0.107585E+01  0.139389E+03  0.101480E+01  0.982967E-02  0.463146E-01  0.000000E+00  0.115814E+03
  0.111231E+01  0.131931E+03  0.960328E+00  0.868700E-02  0.221035E-01  0.000000E+00  0.109617E+03
  0.115002E+01  0.124858E+03  0.908741E+00  0.769915E-02  0.115721E-01  0.000000E+00  0.103740E+03
  0.118900E+01  0.118151E+03  0.859260E+00  0.681624E-02  0.145262E-01  0.000000E+00  0.981683E+02
  0.122930E+01  0.111793E+03  0.812229E+00  0.603430E-02  0.204855E-01  0.000000E+00  0.928855E+02
  0.127096E+01  0.105766E+03  0.767844E+00  0.533966E-02  0.314332E-01  0.000000E+00  0.878778E+02
  0.131404E+01  0.100054E+03  0.726289E+00  0.472610E-02 -0.242098E-01  0.000000E+00  0.831315E+02
  0.135858E+01  0.946409E+02  0.687129E+00  0.418343E-02  0.157283E-01  0.000000E+00  0.786340E+02
  0.140463E+01  0.895116E+02  0.649852E+00  0.370121E-02  0.199271E-01  0.000000E+00  0.743722E+02
  0.145224E+01  0.846518E+02  0.614269E+00  0.327496E-02 -0.158485E-01  0.000000E+00  0.703343E+02
  0.150147E+01  0.800474E+02  0.580602E+00  0.289806E-02  0.653838E-02  0.000000E+00  0.665086E+02
  0.155236E+01  0.756865E+02  0.548944E+00  0.256311E-02  0.101180E-01  0.000000E+00  0.628853E+02
  0.160498E+01  0.715566E+02  0.518938E+00  0.226710E-02  0.907986E-03  0.000000E+00  0.594538E+02
  0.165938E+01  0.676458E+02  0.490302E+00  0.200574E-02  0.916231E-02  0.000000E+00  0.562045E+02
  0.171562E+01  0.639431E+02  0.463198E+00  0.177376E-02  0.652219E-03  0.000000E+00  0.531280E+02
  0.177377E+01  0.604375E+02  0.437800E+00  0.156867E-02  0.182081E-01  0.000000E+00  0.502153E+02
  0.183390E+01  0.571192E+02  0.413837E+00  0.138679E-02  0.781190E-02  0.000000E+00  0.474583E+02
  0.189606E+01  0.539782E+02  0.391001E+00  0.122615E-02  0.113405E-01  0.000000E+00  0.448485E+02
  0.196032E+01  0.510054E+02  0.369406E+00  0.108411E-02  0.703435E-02  0.000000E+00  0.423785E+02
  0.202677E+01  0.481921E+02  0.349054E+00  0.958330E-03  0.199206E-02  0.000000E+00  0.400411E+02
  0.209547E+01  0.455304E+02  0.329694E+00  0.847102E-03  0.625988E-02  0.000000E+00  0.378295E+02
  0.216649E+01  0.430120E+02  0.311318E+00  0.748739E-03  0.465001E-02  0.000000E+00  0.357371E+02
  0.223993E+01  0.406298E+02  0.294054E+00  0.661700E-03  0.472823E-02  0.000000E+00  0.337578E+02
  0.231585E+01  0.383765E+02  0.277734E+00  0.584790E-03  0.535445E-02  0.000000E+00  0.318856E+02
  0.239434E+01  0.362452E+02  0.262289E+00  0.516735E-03  0.340585E-02  0.000000E+00  0.301148E+02
  0.247550E+01  0.342296E+02  0.247737E+00  0.456620E-03  0.473995E-02  0.000000E+00  0.284401E+02
  0.255941E+01  0.323235E+02  0.233930E+00  0.403417E-03 -0.201563E-02  0.000000E+00  0.268564E+02
  0.264616E+01  0.305212E+02  0.220842E+00  0.356390E-03  0.211629E-03  0.000000E+00  0.253589E+02
  0.273585E+01  0.288173E+02  0.208481E+00  0.314829E-03  0.634526E-02  0.000000E+00  0.239432E+02
  0.282858E+01  0.272066E+02  0.196787E+00  0.278095E-03  0.960001E-03  0.000000E+00  0.226049E+02
  0.292446E+01  0.256841E+02  0.185775E+00  0.245622E-03  0.199925E-03  0.000000E+00  0.213399E+02
  0.302358E+01  0.242449E+02  0.175377E+00  0.216934E-03  0.335432E-02  0.000000E+00  0.201442E+02
  0.312607E+01  0.228848E+02  0.165548E+00  0.191582E-03  0.153022E-02  0.000000E+00  0.190141E+02
  0.323203E+01  0.215994E+02  0.156243E+00  0.169161E-03  0.576148E-03  0.000000E+00  0.179461E+02
  0.334158E+01  0.203848E+02  0.147432E+00  0.149372E-03 -0.146309E-02  0.000000E+00  0.169370E+02
  0.345484E+01  0.192373E+02  0.139112E+00  0.131892E-03 -0.146503E-03  0.000000E+00  0.159835E+02
  0.357194E+01  0.181532E+02  0.131268E+00  0.116439E-03  0.113443E-02  0.000000E+00  0.150828E+02
  0.369301E+01  0.171290E+02  0.123871E+00  0.102799E-03  0.147424E-02  0.000000E+00  0.142319E+02
  0.381819E+01  0.161615E+02  0.116884E+00  0.907451E-04  0.610620E-03  0.000000E+00  0.134280E+02
  0.394761E+01  0.152477E+02  0.110268E+00  0.801019E-04  0.328476E-03  0.000000E+00  0.126687E+02
  0.408141E+01  0.143846E+02  0.104013E+00  0.706997E-04  0.102893E-02  0.000000E+00  0.119516E+02
  0.421975E+01  0.135696E+02  0.981091E-01  0.623991E-04  0.359846E-03  0.000000E+00  0.112745E+02
  0.436278E+01  0.128000E+02  0.925484E-01  0.550691E-04  0.186559E-03  0.000000E+00  0.106350E+02
  0.451066E+01  0.120732E+02  0.873013E-01  0.485968E-04  0.295234E-03  0.000000E+00  0.100312E+02
  0.466355E+01  0.113870E+02  0.823408E-01  0.428816E-04  0.697953E-03  0.000000E+00  0.946104E+01
  0.482162E+01  0.107392E+02  0.776471E-01  0.378356E-04  0.327780E-03  0.000000E+00  0.892278E+01
  0.498505E+01  0.101277E+02  0.732187E-01  0.333833E-04 -0.309034E-03  0.000000E+00  0.841468E+01
  0.515402E+01  0.955039E+01  0.690471E-01  0.294532E-04  0.274377E-03  0.000000E+00  0.793505E+01
  0.532871E+01  0.900551E+01  0.651144E-01  0.259845E-04  0.200756E-03  0.000000E+00  0.748233E+01
  0.550933E+01  0.849120E+01  0.613959E-01  0.229210E-04  0.946875E-04  0.000000E+00  0.705501E+01
  0.569607E+01  0.800583E+01  0.578801E-01  0.202195E-04 -0.156627E-04  0.000000E+00  0.665174E+01
  0.588914E+01  0.754781E+01  0.545652E-01  0.178348E-04  0.365452E-04  0.000000E+00  0.627118E+01
  0.608875E+01  0.711559E+01  0.514438E-01  0.157302E-04 -0.133618E-03  0.000000E+00  0.591207E+01
  0.629513E+01  0.670775E+01  0.484991E-01  0.138736E-04  0.211310E-03  0.000000E+00  0.557321E+01
  0.650850E+01  0.632295E+01  0.457148E-01  0.122352E-04  0.165283E-03  0.000000E+00  0.525350E+01
  0.672911E+01  0.595992E+01  0.430857E-01  0.107899E-04 -0.170696E-03  0.000000E+00  0.495187E+01
  0.695719E+01  0.561746E+01  0.406112E-01  0.951475E-05  0.823307E-04  0.000000E+00  0.466733E+01
  0.719301E+01  0.529439E+01  0.382787E-01  0.838972E-05  0.647281E-04  0.000000E+00  0.439890E+01
  0.743682E+01  0.498963E+01  0.360746E-01  0.739738E-05 -0.121090E-03  0.000000E+00  0.414569E+01
  0.768889E+01  0.470220E+01  0.339936E-01  0.652216E-05 -0.907678E-04  0.000000E+00  0.390688E+01
  0.794951E+01  0.443111E+01  0.320342E-01  0.575017E-05  0.613732E-04  0.000000E+00  0.368164E+01
  0.821895E+01  0.417545E+01  0.301886E-01  0.506933E-05 -0.433204E-05  0.000000E+00  0.346922E+01
  0.849754E+01  0.393433E+01  0.284446E-01  0.446879E-05  0.422866E-04  0.000000E+00  0.326888E+01
  0.878556E+01  0.370697E+01  0.267986E-01  0.393928E-05  0.577100E-04  0.000000E+00  0.307998E+01
  0.908335E+01  0.349259E+01  0.252498E-01  0.347241E-05 -0.937654E-06  0.000000E+00  0.290186E+01
  0.939123E+01  0.329045E+01  0.237901E-01  0.306071E-05  0.791486E-04  0.000000E+00  0.273391E+01
  0.970955E+01  0.309986E+01  0.224106E-01  0.269761E-05 -0.540003E-04  0.000000E+00  0.257555E+01
  0.100386E+02  0.292019E+01  0.211111E-01  0.237750E-05  0.775244E-04  0.000000E+00  0.242627E+01
  0.103789E+02  0.275080E+01  0.198882E-01  0.209531E-05 -0.112474E-04  0.000000E+00  0.228553E+01
  0.107307E+02  0.259112E+01  0.187337E-01  0.184653E-05  0.340573E-04  0.000000E+00  0.215286E+01
  0.110944E+02  0.244061E+01  0.176442E-01  0.162717E-05  0.268118E-04  0.000000E+00  0.202780E+01
  0.114705E+02  0.229874E+01  0.166194E-01  0.143386E-05  0.356249E-04  0.000000E+00  0.190993E+01
  0.118593E+02  0.216502E+01  0.156533E-01  0.126344E-05  0.393705E-04  0.000000E+00  0.179883E+01
  0.122612E+02  0.203898E+01  0.147410E-01  0.111321E-05  0.688973E-04  0.000000E+00  0.169411E+01
  0.126768E+02  0.192022E+01  0.138828E-01  0.980823E-06  0.484204E-04  0.000000E+00  0.159544E+01
  0.131065E+02  0.180829E+01  0.130742E-01  0.864129E-06  0.434928E-04  0.000000E+00  0.150244E+01
  0.135508E+02  0.170282E+01  0.123109E-01  0.761296E-06  0.124241E-05  0.000000E+00  0.141481E+01
  0.140101E+02  0.160344E+01  0.115927E-01  0.670672E-06  0.516263E-04  0.000000E+00  0.133223E+01
  0.144849E+02  0.150979E+01  0.109161E-01  0.590804E-06  0.192295E-04  0.000000E+00  0.125443E+01
  0.149759E+02  0.142156E+01  0.102776E-01  0.520435E-06  0.515703E-04  0.000000E+00  0.118112E+01
  0.154835E+02  0.133843E+01  0.967693E-02  0.458432E-06 -0.608142E-05  0.000000E+00  0.111205E+01
  0.160083E+02  0.126011E+01  0.911091E-02  0.403790E-06  0.800928E-05  0.000000E+00  0.104698E+01
  0.165509E+02  0.118634E+01  0.857709E-02  0.355652E-06  0.989265E-05  0.000000E+00  0.985681E+00
  0.171119E+02  0.111684E+01  0.807506E-02  0.313240E-06  0.325584E-04  0.000000E+00  0.927935E+00
  0.176919E+02  0.105137E+01  0.760159E-02  0.275876E-06  0.350895E-04  0.000000E+00  0.873539E+00
  0.182916E+02  0.989699E+00  0.715561E-02  0.242959E-06 -0.231825E-04  0.000000E+00  0.822302E+00
  0.189116E+02  0.931614E+00  0.673598E-02  0.213964E-06 -0.423008E-05  0.000000E+00  0.774042E+00
  0.195526E+02  0.876905E+00  0.634012E-02  0.188419E-06 -0.585143E-05  0.000000E+00  0.728587E+00
  0.202154E+02  0.825381E+00  0.596782E-02  0.165918E-06 -0.845587E-05  0.000000E+00  0.685777E+00
  0.209006E+02  0.776856E+00  0.561693E-02  0.146100E-06 -0.291625E-06  0.000000E+00  0.645460E+00
  0.216090E+02  0.731159E+00  0.528648E-02  0.128644E-06  0.168528E-04  0.000000E+00  0.607492E+00
  0.223414E+02  0.688126E+00  0.497552E-02  0.113269E-06  0.153009E-04  0.000000E+00  0.571737E+00
  0.230987E+02  0.647603E+00  0.468235E-02  0.997292E-07  0.207543E-04  0.000000E+00  0.538068E+00
  0.238816E+02  0.609446E+00  0.440668E-02  0.878046E-07  0.264236E-05  0.000000E+00  0.506366E+00
  0.246911E+02  0.573516E+00  0.414674E-02  0.773033E-07 -0.106793E-04  0.000000E+00  0.476512E+00
  0.255280E+02  0.539689E+00  0.390230E-02  0.680550E-07  0.116320E-04  0.000000E+00  0.448406E+00
  0.263933E+02  0.507838E+00  0.367192E-02  0.599118E-07 -0.148523E-05  0.000000E+00  0.421943E+00
  0.272879E+02  0.477854E+00  0.345520E-02  0.527411E-07 -0.235372E-05  0.000000E+00  0.397030E+00
  0.282128E+02  0.449623E+00  0.325104E-02  0.464265E-07  0.870660E-05  0.000000E+00  0.373575E+00
  0.291691E+02  0.423049E+00  0.305894E-02  0.408675E-07 -0.144674E-05  0.000000E+00  0.351495E+00
  0.301578E+02  0.398031E+00  0.287802E-02  0.359727E-07 -0.924382E-05  0.000000E+00  0.330708E+00
  0.311800E+02  0.374482E+00  0.270779E-02  0.316630E-07 -0.901440E-05  0.000000E+00  0.311143E+00
  0.322368E+02  0.352314E+00  0.254748E-02  0.278687E-07 -0.315114E-05  0.000000E+00  0.292724E+00
  0.333295E+02  0.331449E+00  0.239665E-02  0.245281E-07  0.873884E-05  0.000000E+00  0.275389E+00
  0.344592E+02  0.311811E+00  0.225461E-02  0.215877E-07 -0.179016E-05  0.000000E+00  0.259071E+00
  0.356272E+02  0.293327E+00  0.212101E-02  0.189991E-07 -0.473324E-06  0.000000E+00  0.243714E+00
  0.368348E+02  0.275930E+00  0.199518E-02  0.167203E-07  0.806684E-05  0.000000E+00  0.229260E+00
  0.380833E+02  0.259558E+00  0.187684E-02  0.147145E-07 -0.828743E-06  0.000000E+00  0.215657E+00
  0.393741E+02  0.244150E+00  0.176540E-02  0.129487E-07  0.594954E-05  0.000000E+00  0.202855E+00
  0.407088E+02  0.229650E+00  0.166057E-02  0.113948E-07 -0.549581E-05  0.000000E+00  0.190807E+00
  0.420886E+02  0.216005E+00  0.156191E-02  0.100269E-07  0.156547E-05  0.000000E+00  0.179470E+00
  0.435152E+02  0.203165E+00  0.146905E-02  0.882301E-08 -0.538802E-05  0.000000E+00  0.168802E+00
  0.449901E+02  0.191083E+00  0.138172E-02  0.776333E-08  0.589751E-05  0.000000E+00  0.158763E+00
  0.465151E+02  0.179714E+00  0.129949E-02  0.683081E-08  0.530700E-06  0.000000E+00  0.149318E+00
  0.480917E+02  0.169017E+00  0.122215E-02  0.601012E-08  0.288430E-05  0.000000E+00  0.140430E+00
  0.497218E+02  0.158953E+00  0.114938E-02  0.528788E-08  0.478409E-05  0.000000E+00  0.132068E+00
  0.514071E+02  0.149483E+00  0.108090E-02  0.465237E-08 -0.343802E-05  0.000000E+00  0.124200E+00
  0.531495E+02  0.140575E+00  0.101649E-02  0.409303E-08  0.181424E-05  0.000000E+00  0.116798E+00
  0.549511E+02  0.132193E+00  0.955887E-03  0.360087E-08  0.210196E-05  0.000000E+00  0.109834E+00
  0.568136E+02  0.124308E+00  0.898859E-03  0.316787E-08 -0.327253E-05  0.000000E+00  0.103283E+00
  0.587394E+02  0.116891E+00  0.845226E-03  0.278680E-08 -0.339884E-05  0.000000E+00  0.971198E-01
  0.607303E+02  0.109913E+00  0.794776E-03  0.245153E-08 -0.282850E-05  0.000000E+00  0.913223E-01
  0.627888E+02  0.103349E+00  0.747303E-03  0.215649E-08  0.341530E-05  0.000000E+00  0.858686E-01
  0.649170E+02  0.971745E-01  0.702655E-03  0.189696E-08  0.473535E-06  0.000000E+00  0.807386E-01
  0.671174E+02  0.913667E-01  0.660664E-03  0.166859E-08  0.314572E-05  0.000000E+00  0.759131E-01
  0.693923E+02  0.859040E-01  0.621162E-03  0.146770E-08  0.189888E-05  0.000000E+00  0.713743E-01
  0.717444E+02  0.807658E-01  0.584001E-03  0.129096E-08 -0.120014E-05  0.000000E+00  0.671052E-01
  0.741761E+02  0.759332E-01  0.549054E-03  0.113548E-08 -0.233880E-05  0.000000E+00  0.630900E-01
  0.766904E+02  0.713880E-01  0.516189E-03  0.998686E-09 -0.237237E-05  0.000000E+00  0.593135E-01
  0.792898E+02  0.671133E-01  0.485278E-03  0.878356E-09 -0.201725E-05  0.000000E+00  0.557619E-01
  0.819773E+02  0.630930E-01  0.456206E-03  0.772501E-09 -0.157457E-05  0.000000E+00  0.524215E-01
  0.847559E+02  0.593122E-01  0.428863E-03  0.679394E-09 -0.178233E-05  0.000000E+00  0.492802E-01
  0.876288E+02  0.557566E-01  0.403150E-03  0.597487E-09 -0.402546E-06  0.000000E+00  0.463260E-01
  0.905989E+02  0.524131E-01  0.378971E-03  0.525445E-09 -0.622156E-06  0.000000E+00  0.435480E-01
  0.936699E+02  0.492687E-01  0.356232E-03  0.462078E-09 -0.119858E-05  0.000000E+00  0.409355E-01
  0.968448E+02  0.463120E-01  0.334851E-03  0.406338E-09  0.182040E-05  0.000000E+00  0.384789E-01
  0.100127E+03  0.435319E-01  0.314747E-03  0.357322E-09 -0.128881E-06  0.000000E+00  0.361690E-01
  0.103521E+03  0.409177E-01  0.295842E-03  0.314211E-09 -0.112265E-05  0.000000E+00  0.339970E-01
  0.107030E+03  0.384596E-01  0.278065E-03  0.276292E-09 -0.122512E-05  0.000000E+00  0.319546E-01
  0.110658E+03  0.361484E-01  0.261351E-03  0.242945E-09 -0.154401E-05  0.000000E+00  0.300343E-01
  0.114409E+03  0.339754E-01  0.245636E-03  0.213615E-09  0.375381E-06  0.000000E+00  0.282289E-01
  0.118286E+03  0.319324E-01  0.230861E-03  0.187826E-09 -0.122489E-05  0.000000E+00  0.265314E-01
  0.122296E+03  0.300115E-01  0.216969E-03  0.165144E-09 -0.120837E-05  0.000000E+00  0.249354E-01
  0.126441E+03  0.282056E-01  0.203909E-03  0.145197E-09 -0.806309E-06  0.000000E+00  0.234350E-01
  0.130727E+03  0.265079E-01  0.191631E-03  0.127656E-09  0.114842E-05  0.000000E+00  0.220244E-01
  0.135158E+03  0.249118E-01  0.180088E-03  0.112236E-09 -0.110035E-05  0.000000E+00  0.206982E-01
  0.139739E+03  0.234112E-01  0.169235E-03  0.986711E-10  0.222857E-06  0.000000E+00  0.194515E-01
  0.144475E+03  0.220007E-01  0.159034E-03  0.867461E-10  0.178744E-06  0.000000E+00  0.182795E-01
  0.149372E+03  0.206748E-01  0.149445E-03  0.762614E-10 -0.188818E-06  0.000000E+00  0.171779E-01
  0.154436E+03  0.194283E-01  0.140429E-03  0.670404E-10  0.755273E-06  0.000000E+00  0.161422E-01
  0.159670E+03  0.182566E-01  0.131956E-03  0.589342E-10  0.784451E-06  0.000000E+00  0.151687E-01
  0.165082E+03  0.171553E-01  0.123991E-03  0.518069E-10  0.782356E-06  0.000000E+00  0.142537E-01
  0.170677E+03  0.161201E-01  0.116504E-03  0.455418E-10 -0.705188E-06  0.000000E+00  0.133936E-01
  0.176463E+03  0.151471E-01  0.109466E-03  0.400319E-10 -0.262579E-06  0.000000E+00  0.125851E-01
  0.182444E+03  0.142325E-01  0.102851E-03  0.351880E-10  0.507336E-06  0.000000E+00  0.118252E-01
  0.188628E+03  0.133729E-01  0.966343E-04  0.309303E-10 -0.498647E-06  0.000000E+00  0.111110E-01
  0.195021E+03  0.125650E-01  0.907909E-04  0.271862E-10  0.576723E-06  0.000000E+00  0.104397E-01
  0.201632E+03  0.118056E-01  0.852986E-04  0.238952E-10  0.300990E-06  0.000000E+00  0.980880E-02
  0.208466E+03  0.110920E-01  0.801369E-04  0.210022E-10  0.477080E-06  0.000000E+00  0.921587E-02
  0.215532E+03  0.104213E-01  0.752861E-04  0.184594E-10 -0.462621E-06  0.000000E+00  0.865862E-02
  0.222837E+03  0.979096E-02  0.707271E-04  0.162238E-10 -0.464871E-06  0.000000E+00  0.813492E-02
  0.230391E+03  0.919857E-02  0.664423E-04  0.142583E-10  0.988902E-07  0.000000E+00  0.764272E-02
  0.238200E+03  0.864190E-02  0.624160E-04  0.125309E-10  0.303585E-06  0.000000E+00  0.718021E-02
  0.246273E+03  0.811877E-02  0.586321E-04  0.110124E-10  0.419789E-06  0.000000E+00  0.674556E-02
  0.254621E+03  0.762715E-02  0.550762E-04  0.967799E-11 -0.392854E-06  0.000000E+00  0.633709E-02
  0.263252E+03  0.716520E-02  0.517348E-04  0.850486E-11 -0.122029E-06  0.000000E+00  0.595328E-02
  0.272174E+03  0.673111E-02  0.485949E-04  0.747369E-11  0.243864E-06  0.000000E+00  0.559261E-02
  0.281400E+03  0.632322E-02  0.456444E-04  0.656757E-11 -0.248131E-06  0.000000E+00  0.525370E-02
  0.290938E+03  0.593991E-02  0.428718E-04  0.577108E-11 -0.230281E-06  0.000000E+00  0.493523E-02
  0.300799E+03  0.557977E-02  0.402667E-04  0.507096E-11  0.228053E-06  0.000000E+00  0.463600E-02
  0.310995E+03  0.524138E-02  0.378189E-04  0.445586E-11 -0.240020E-06  0.000000E+00  0.435485E-02
  0.321536E+03  0.492342E-02  0.355189E-04  0.391506E-11  0.216675E-06  0.000000E+00  0.409067E-02
  0.332435E+03  0.462467E-02  0.333577E-04  0.343992E-11  0.162800E-06  0.000000E+00  0.384244E-02
  0.343702E+03  0.434398E-02  0.313273E-04  0.302235E-11  0.393667E-07  0.000000E+00  0.360923E-02
  0.355352E+03  0.408027E-02  0.294196E-04  0.265546E-11 -0.128140E-06  0.000000E+00  0.339012E-02
  0.367397E+03  0.383250E-02  0.276272E-04  0.233300E-11 -0.175761E-06  0.000000E+00  0.318426E-02
  0.379850E+03  0.359971E-02  0.259431E-04  0.204962E-11 -0.201810E-06  0.000000E+00  0.299085E-02
  0.392725E+03  0.338100E-02  0.243609E-04  0.180058E-11  0.108586E-06  0.000000E+00  0.280913E-02
  0.406036E+03  0.317555E-02  0.228746E-04  0.158177E-11  0.148578E-06  0.000000E+00  0.263843E-02
  0.419799E+03  0.298252E-02  0.214781E-04  0.138953E-11  0.639952E-07  0.000000E+00  0.247804E-02
  0.434028E+03  0.280119E-02  0.201662E-04  0.122062E-11 -0.154799E-06  0.000000E+00  0.232738E-02
  0.448740E+03  0.263084E-02  0.189338E-04  0.107221E-11 -0.133291E-06  0.000000E+00  0.218585E-02
  0.463949E+03  0.247082E-02  0.177760E-04  0.941789E-12  0.140368E-07  0.000000E+00  0.205289E-02
  0.479676E+03  0.232049E-02  0.166883E-04  0.827218E-12 -0.105055E-06  0.000000E+00  0.192799E-02
  0.495934E+03  0.217927E-02  0.156666E-04  0.726555E-12 -0.745306E-07  0.000000E+00  0.181066E-02
  0.512744E+03  0.204662E-02  0.147068E-04  0.638120E-12 -0.117626E-06  0.000000E+00  0.170045E-02
  0.530123E+03  0.192202E-02  0.138052E-04  0.560413E-12  0.978824E-07  0.000000E+00  0.159692E-02
  0.548092E+03  0.180497E-02  0.129582E-04  0.492168E-12 -0.106635E-06  0.000000E+00  0.149967E-02
  0.566670E+03  0.169503E-02  0.121627E-04  0.432204E-12  0.395190E-07  0.000000E+00  0.140832E-02
  0.585877E+03  0.159176E-02  0.114154E-04  0.379539E-12 -0.322375E-07  0.000000E+00  0.132252E-02
  0.605735E+03  0.149477E-02  0.107135E-04  0.333267E-12  0.475062E-07  0.000000E+00  0.124193E-02
  0.626267E+03  0.140366E-02  0.100542E-04  0.292620E-12  0.840149E-07  0.000000E+00  0.116623E-02
  0.647494E+03  0.131808E-02  0.943488E-05  0.256924E-12  0.814524E-07  0.000000E+00  0.109513E-02
  0.669441E+03  0.123771E-02  0.885321E-05  0.225579E-12 -0.713305E-07  0.000000E+00  0.102835E-02
  0.692132E+03  0.116222E-02  0.830685E-05  0.198038E-12 -0.559290E-07  0.000000E+00  0.965627E-03
  0.715592E+03  0.109132E-02  0.779371E-05  0.173847E-12  0.593600E-07  0.000000E+00  0.906720E-03
  0.739846E+03  0.102473E-02  0.731176E-05  0.152609E-12 -0.563138E-07  0.000000E+00  0.851395E-03
  0.764923E+03  0.962196E-03  0.685910E-05  0.133951E-12  0.587654E-07  0.000000E+00  0.799434E-03
  0.790852E+03  0.903456E-03  0.643392E-05  0.117571E-12  0.985208E-08  0.000000E+00  0.750630E-03
  0.817657E+03  0.848296E-03  0.603463E-05  0.103186E-12 -0.536080E-07  0.000000E+00  0.704800E-03
  0.845371E+03  0.796494E-03  0.565964E-05  0.905524E-13 -0.197313E-07  0.000000E+00  0.661759E-03
  0.874025E+03  0.747845E-03  0.530746E-05  0.794603E-13 -0.709166E-09  0.000000E+00  0.621338E-03
  0.903651E+03  0.702155E-03  0.497669E-05  0.697230E-13 -0.434400E-07  0.000000E+00  0.583377E-03
  0.934280E+03  0.659251E-03  0.466607E-05  0.611713E-13  0.392194E-07  0.000000E+00  0.547729E-03
  0.965947E+03  0.618960E-03  0.437436E-05  0.536650E-13  0.361684E-07  0.000000E+00  0.514253E-03
  0.998688E+03  0.581125E-03  0.410042E-05  0.470767E-13 -0.274906E-07  0.000000E+00  0.482817E-03
  0.103254E+04  0.545593E-03  0.384315E-05  0.412905E-13 -0.173164E-07  0.000000E+00  0.453295E-03
  0.106754E+04  0.512229E-03  0.360157E-05  0.362123E-13  0.618820E-08  0.000000E+00  0.425574E-03
  0.110372E+04  0.480899E-03  0.337471E-05  0.317568E-13 -0.143667E-07  0.000000E+00  0.399543E-03
  0.114113E+04  0.451478E-03  0.316167E-05  0.278437E-13  0.187995E-07  0.000000E+00  0.375098E-03
  0.117981E+04  0.423854E-03  0.296163E-05  0.244114E-13  0.219840E-07  0.000000E+00  0.352146E-03
  0.121980E+04  0.397914E-03  0.277379E-05  0.213994E-13 -0.259177E-07  0.000000E+00  0.330594E-03
  0.126115E+04  0.373558E-03  0.259741E-05  0.187560E-13 -0.222093E-07  0.000000E+00  0.310357E-03
  0.130389E+04  0.350687E-03  0.243179E-05  0.164365E-13 -0.174606E-07  0.000000E+00  0.291355E-03
  0.134809E+04  0.329213E-03  0.227629E-05  0.144019E-13  0.696455E-08  0.000000E+00  0.273513E-03
  0.139378E+04  0.309051E-03  0.213028E-05  0.126170E-13 -0.196075E-07  0.000000E+00  0.256761E-03
  0.144102E+04  0.290120E-03  0.199320E-05  0.110510E-13  0.175888E-07  0.000000E+00  0.241032E-03
  0.148987E+04  0.272344E-03  0.186450E-05  0.967823E-14 -0.176754E-07  0.000000E+00  0.226263E-03
  0.154037E+04  0.255655E-03  0.174367E-05  0.847400E-14 -0.166686E-07  0.000000E+00  0.212396E-03
  0.159258E+04  0.239986E-03  0.163023E-05  0.741778E-14  0.151725E-07  0.000000E+00  0.199377E-03
  0.164656E+04  0.225275E-03  0.152375E-05  0.649203E-14  0.122984E-07  0.000000E+00  0.187155E-03
  0.170237E+04  0.211463E-03  0.142379E-05  0.568068E-14  0.559794E-08  0.000000E+00  0.175678E-03
  0.176007E+04  0.198496E-03  0.132996E-05  0.496916E-14  0.981938E-08  0.000000E+00  0.164904E-03
  0.181973E+04  0.186321E-03  0.124189E-05  0.434586E-14 -0.456239E-08  0.000000E+00  0.154789E-03
  0.188141E+04  0.174891E-03  0.115923E-05  0.379976E-14  0.136322E-08  0.000000E+00  0.145293E-03
  0.194518E+04  0.164161E-03  0.108166E-05  0.332124E-14 -0.948673E-08  0.000000E+00  0.136377E-03
  0.201111E+04  0.154088E-03  0.100886E-05  0.290197E-14 -0.569234E-08  0.000000E+00  0.128008E-03
  0.207928E+04  0.144631E-03  0.940559E-06  0.253499E-14 -0.941280E-08  0.000000E+00  0.120150E-03
  0.214976E+04  0.135752E-03  0.876470E-06  0.221355E-14  0.604753E-08  0.000000E+00  0.112773E-03
  0.222262E+04  0.127418E-03  0.816350E-06  0.193226E-14 -0.249671E-09  0.000000E+00  0.105849E-03
  0.229796E+04  0.119594E-03  0.759957E-06  0.168594E-14  0.631820E-08  0.000000E+00  0.993480E-04
  0.237585E+04  0.112249E-03  0.707067E-06  0.147061E-14  0.103497E-08  0.000000E+00  0.932455E-04
  0.245638E+04  0.105354E-03  0.657469E-06  0.128215E-14  0.524754E-08  0.000000E+00  0.875165E-04
  0.253964E+04  0.988813E-04  0.610971E-06  0.111733E-14  0.252370E-08  0.000000E+00  0.821389E-04
  0.262572E+04  0.928055E-04  0.567385E-06  0.973317E-15  0.611426E-08  0.000000E+00  0.770909E-04
  0.271471E+04  0.871022E-04  0.526538E-06  0.847487E-15 -0.501786E-08  0.000000E+00  0.723523E-04
  0.280673E+04  0.817482E-04  0.488267E-06  0.737507E-15 -0.537494E-08  0.000000E+00  0.679039E-04
  0.290187E+04  0.767228E-04  0.452422E-06  0.641472E-15  0.441301E-08  0.000000E+00  0.637286E-04
  0.300022E+04  0.720056E-04  0.418859E-06  0.557669E-15 -0.387950E-08  0.000000E+00  0.598094E-04
  0.310192E+04  0.675773E-04  0.387440E-06  0.484514E-15 -0.443093E-08  0.000000E+00  0.561301E-04
  0.320706E+04  0.634211E-04  0.358046E-06  0.420705E-15  0.373484E-08  0.000000E+00  0.526770E-04
  0.331576E+04  0.595199E-04  0.330556E-06  0.365121E-15 -0.390054E-08  0.000000E+00  0.494358E-04
  0.342815E+04  0.558581E-04  0.304858E-06  0.316666E-15  0.342200E-08  0.000000E+00  0.463934E-04
  0.354435E+04  0.524208E-04  0.280849E-06  0.274478E-15  0.262047E-08  0.000000E+00  0.435377E-04
  0.366448E+04  0.491948E-04  0.258433E-06  0.237742E-15 -0.762367E-09  0.000000E+00  0.408575E-04
  0.378869E+04  0.461668E-04  0.237516E-06  0.205814E-15  0.283294E-08  0.000000E+00  0.383418E-04
  0.391711E+04  0.433248E-04  0.218014E-06  0.178057E-15 -0.249107E-08  0.000000E+00  0.359807E-04
  0.404988E+04  0.406572E-04  0.199843E-06  0.153924E-15 -0.118753E-08  0.000000E+00  0.337645E-04
  0.418715E+04  0.381537E-04  0.182931E-06  0.133002E-15 -0.672455E-09  0.000000E+00  0.316846E-04
  0.432907E+04  0.358039E-04  0.167203E-06  0.114825E-15  0.721920E-09  0.000000E+00  0.297325E-04
  0.447581E+04  0.335985E-04  0.152594E-06  0.990828E-16  0.489319E-09  0.000000E+00  0.279003E-04
  0.462752E+04  0.315286E-04  0.139037E-06  0.854586E-16 -0.161594E-08  0.000000E+00  0.261807E-04
  0.478437E+04  0.295860E-04  0.126475E-06  0.736561E-16 -0.185731E-08  0.000000E+00  0.245670E-04
  0.494653E+04  0.277628E-04  0.114850E-06  0.634456E-16 -0.499519E-09  0.000000E+00  0.230524E-04
  0.511420E+04  0.260517E-04  0.104108E-06  0.546305E-16 -0.974371E-09  0.000000E+00  0.216310E-04
  0.528755E+04  0.244459E-04  0.941972E-07  0.470220E-16 -0.136201E-08  0.000000E+00  0.202971E-04
  0.546677E+04  0.229388E-04  0.850695E-07  0.404580E-16 -0.129222E-08  0.000000E+00  0.190452E-04
  0.565206E+04  0.215245E-04  0.766783E-07  0.347990E-16  0.734875E-09  0.000000E+00  0.178704E-04
  0.584365E+04  0.201971E-04  0.689786E-07  0.299289E-16  0.119046E-08  0.000000E+00  0.167679E-04
  0.604171E+04  0.189514E-04  0.619289E-07  0.257416E-16 -0.575965E-09  0.000000E+00  0.157332E-04
  0.624650E+04  0.177824E-04  0.554878E-07  0.221368E-16  0.739663E-09  0.000000E+00  0.147623E-04
  0.645822E+04  0.166854E-04  0.496168E-07  0.190378E-16 -0.875990E-09  0.000000E+00  0.138512E-04
  0.667713E+04  0.156559E-04  0.442777E-07  0.163813E-16  0.317894E-09  0.000000E+00  0.129961E-04
  0.690345E+04  0.146898E-04  0.394350E-07  0.140978E-16 -0.919518E-09  0.000000E+00  0.121938E-04
  0.713744E+04  0.137832E-04  0.350537E-07  0.121400E-16 -0.795588E-09  0.000000E+00  0.114409E-04
  0.737936E+04  0.129324E-04  0.311003E-07  0.104606E-16  0.480736E-09  0.000000E+00  0.107344E-04
  0.762949E+04  0.121340E-04  0.275425E-07  0.901830E-17  0.743533E-09  0.000000E+00  0.100714E-04
  0.788809E+04  0.113849E-04  0.243497E-07  0.778408E-17 -0.301784E-09  0.000000E+00  0.944936E-05
  0.815546E+04  0.106819E-04  0.214922E-07  0.672224E-17  0.639347E-09  0.000000E+00  0.886564E-05
  0.843190E+04  0.100221E-04  0.189414E-07  0.581297E-17  0.504390E-09  0.000000E+00  0.831789E-05
  0.871769E+04  0.940312E-05  0.166709E-07  0.503151E-17 -0.403324E-09  0.000000E+00  0.780395E-05
  0.901318E+04  0.882227E-05  0.146548E-07  0.435950E-17 -0.380361E-09  0.000000E+00  0.732171E-05
  0.931867E+04  0.827722E-05  0.128689E-07  0.378020E-17  0.349230E-09  0.000000E+00  0.686922E-05
  0.963454E+04  0.776576E-05  0.112906E-07  0.328241E-17 -0.339405E-09  0.000000E+00  0.644463E-05
  0.996110E+04  0.728587E-05  0.989879E-08  0.285297E-17  0.301588E-09  0.000000E+00  0.604626E-05
  0.102987E+05  0.683557E-05  0.867371E-08  0.248248E-17 -0.369103E-09  0.000000E+00  0.567247E-05
  0.106478E+05  0.641305E-05  0.759722E-08  0.216201E-17  0.380534E-09  0.000000E+00  0.532175E-05
  0.110087E+05  0.601658E-05  0.665259E-08  0.188444E-17  0.344688E-09  0.000000E+00  0.499267E-05
  0.113819E+05  0.564459E-05  0.582479E-08  0.164438E-17 -0.151273E-09  0.000000E+00  0.468391E-05
  0.117676E+05  0.529556E-05  0.509999E-08  0.143548E-17  0.110703E-09  0.000000E+00  0.439422E-05
  0.121665E+05  0.496807E-05  0.446584E-08  0.125338E-17  0.235122E-09  0.000000E+00  0.412242E-05
  0.125789E+05  0.466078E-05  0.391123E-08  0.109570E-17 -0.275276E-09  0.000000E+00  0.386739E-05
  0.130053E+05  0.437248E-05  0.342634E-08  0.957728E-18  0.329907E-10  0.000000E+00  0.362813E-05
  0.134461E+05  0.410198E-05  0.300242E-08  0.837857E-18  0.216227E-09  0.000000E+00  0.340364E-05
  0.139018E+05  0.384817E-05  0.263171E-08  0.733450E-18  0.975078E-10  0.000000E+00  0.319301E-05
  0.143730E+05  0.361005E-05  0.230747E-08  0.641825E-18  0.210721E-09  0.000000E+00  0.299540E-05
  0.148602E+05  0.338664E-05  0.202374E-08  0.561674E-18 -0.458175E-10  0.000000E+00  0.281000E-05
  0.153639E+05  0.317703E-05  0.177533E-08  0.491792E-18 -0.283929E-10  0.000000E+00  0.263606E-05
  0.158847E+05  0.298035E-05  0.155770E-08  0.430688E-18  0.817985E-10  0.000000E+00  0.247285E-05
  0.164231E+05  0.279584E-05  0.136697E-08  0.377464E-18 -0.684933E-10  0.000000E+00  0.231975E-05
  0.169797E+05  0.262274E-05  0.119971E-08  0.330417E-18 -0.313928E-11  0.000000E+00  0.217610E-05
  0.175553E+05  0.246033E-05  0.105297E-08  0.289516E-18  0.130167E-09  0.000000E+00  0.204134E-05
  0.181503E+05  0.230796E-05  0.924191E-09  0.253606E-18  0.371673E-10  0.000000E+00  0.191491E-05
  0.187655E+05  0.216501E-05  0.811160E-09  0.222362E-18  0.982747E-10  0.000000E+00  0.179630E-05
  0.194016E+05  0.203090E-05  0.711937E-09  0.194874E-18 -0.435711E-10  0.000000E+00  0.168502E-05
  0.200592E+05  0.190509E-05  0.624833E-09  0.170795E-18 -0.166113E-10  0.000000E+00  0.158062E-05
  0.207391E+05  0.178705E-05  0.548367E-09  0.149594E-18 -0.808457E-10  0.000000E+00  0.148268E-05
  0.214421E+05  0.167632E-05  0.481250E-09  0.131209E-18  0.575905E-10  0.000000E+00  0.139080E-05
  0.221688E+05  0.157243E-05  0.422340E-09  0.114937E-18  0.656527E-10  0.000000E+00  0.130461E-05
  0.229203E+05  0.147497E-05  0.370633E-09  0.100750E-18 -0.320344E-10  0.000000E+00  0.122375E-05
  0.236971E+05  0.138355E-05  0.325255E-09  0.883834E-19  0.780428E-10  0.000000E+00  0.114789E-05
  0.245004E+05  0.129778E-05  0.285430E-09  0.774392E-19  0.750463E-11  0.000000E+00  0.107673E-05
  0.253308E+05  0.121732E-05  0.250480E-09  0.679253E-19 -0.670001E-10  0.000000E+00  0.100997E-05
  0.261894E+05  0.114184E-05  0.219805E-09  0.595741E-19  0.662801E-10  0.000000E+00  0.947341E-06
  0.270771E+05  0.107103E-05  0.192886E-09  0.522269E-19  0.545205E-10  0.000000E+00  0.888594E-06
  0.279949E+05  0.100461E-05  0.169262E-09  0.458010E-19  0.511376E-10  0.000000E+00  0.833484E-06
  0.289437E+05  0.942302E-06  0.148531E-09  0.401934E-19  0.394014E-10  0.000000E+00  0.781787E-06
  0.299248E+05  0.883847E-06  0.130336E-09  0.352414E-19 -0.475214E-10  0.000000E+00  0.733288E-06
  0.309391E+05  0.829016E-06  0.114370E-09  0.309028E-19 -0.472133E-10  0.000000E+00  0.687796E-06
