  0.101956E-04  0.200598E+08  0.200598E+08  0.267310E+08  0.267310E+08  0.000000E+00  0.200598E+08
  0.105412E-04  0.200598E+08  0.200598E+08  0.267299E+08  0.267299E+08  0.000000E+00  0.200598E+08
  0.108984E-04  0.200598E+08  0.200598E+08  0.267288E+08  0.267288E+08  0.000000E+00  0.200598E+08
  0.112678E-04  0.200598E+08  0.200598E+08  0.267276E+08  0.267275E+08  0.000000E+00  0.200598E+08
  0.116498E-04  0.200598E+08  0.200598E+08  0.267263E+08  0.267262E+08  0.000000E+00  0.200598E+08
  0.120446E-04  0.200598E+08  0.200598E+08  0.267249E+08  0.267249E+08  0.000000E+00  0.200598E+08
  0.124529E-04  0.200598E+08  0.200598E+08  0.267234E+08  0.267234E+08  0.000000E+00  0.200598E+08
  0.128750E-04  0.200598E+08  0.200598E+08  0.267218E+08  0.267218E+08  0.000000E+00  0.200598E+08
  0.133114E-04  0.200598E+08  0.200598E+08  0.267201E+08  0.267201E+08  0.000000E+00  0.200598E+08
  0.137626E-04  0.200598E+08  0.200598E+08  0.267183E+08  0.267183E+08  0.000000E+00  0.200598E+08
  0.142291E-04  0.200597E+08  0.200597E+08  0.267164E+08  0.267163E+08  0.000000E+00  0.200597E+08
  0.147114E-04  0.200597E+08  0.200597E+08  0.267143E+08  0.267143E+08  0.000000E+00  0.200597E+08
  0.152100E-04  0.200597E+08  0.200597E+08  0.267121E+08  0.267120E+08  0.000000E+00  0.200597E+08
  0.157255E-04  0.200597E+08  0.200597E+08  0.267097E+08  0.267097E+08  0.000000E+00  0.200597E+08
  0.162586E-04  0.200597E+08  0.200597E+08  0.267072E+08  0.267071E+08  0.000000E+00  0.200597E+08
  0.168097E-04  0.200597E+08  0.200597E+08  0.267045E+08  0.267044E+08  0.000000E+00  0.200597E+08
  0.173794E-04  0.200597E+08  0.200597E+08  0.267016E+08  0.267016E+08  0.000000E+00  0.200597E+08
  0.179685E-04  0.200597E+08  0.200597E+08  0.266985E+08  0.266985E+08  0.000000E+00  0.200597E+08
  0.185775E-04  0.200597E+08  0.200597E+08  0.266952E+08  0.266952E+08  0.000000E+00  0.200597E+08
  0.192072E-04  0.200597E+08  0.200597E+08  0.266917E+08  0.266916E+08  0.000000E+00  0.200597E+08
  0.198583E-04  0.200597E+08  0.200597E+08  0.266879E+08  0.266879E+08  0.000000E+00  0.200597E+08
  0.205314E-04  0.200597E+08  0.200597E+08  0.266839E+08  0.266838E+08  0.000000E+00  0.200597E+08
  0.212273E-04  0.200597E+08  0.200597E+08  0.266796E+08  0.266795E+08  0.000000E+00  0.200597E+08
  0.219468E-04  0.200597E+08  0.200597E+08  0.266750E+08  0.266749E+08  0.000000E+00  0.200597E+08
  0.226907E-04  0.200597E+08  0.200597E+08  0.266701E+08  0.266700E+08  0.000000E+00  0.200597E+08
  0.234598E-04  0.200596E+08  0.200596E+08  0.266648E+08  0.266647E+08  0.000000E+00  0.200596E+08
  0.242549E-04  0.200596E+08  0.200596E+08  0.266592E+08  0.266591E+08  0.000000E+00  0.200596E+08
  0.250771E-04  0.200596E+08  0.200596E+08  0.266532E+08  0.266531E+08  0.000000E+00  0.200596E+08
  0.259270E-04  0.200596E+08  0.200596E+08  0.266468E+08  0.266467E+08  0.000000E+00  0.200596E+08
  0.268058E-04  0.200596E+08  0.200596E+08  0.266400E+08  0.266398E+08  0.000000E+00  0.200596E+08
  0.277144E-04  0.200596E+08  0.200596E+08  0.266326E+08  0.266325E+08  0.000000E+00  0.200596E+08
  0.286538E-04  0.200596E+08  0.200596E+08  0.266248E+08  0.266246E+08  0.000000E+00  0.200596E+08
  0.296250E-04  0.200595E+08  0.200595E+08  0.266165E+08  0.266163E+08  0.000000E+00  0.200595E+08
  0.306292E-04  0.200595E+08  0.200595E+08  0.266075E+08  0.266073E+08  0.000000E+00  0.200595E+08
  0.316674E-04  0.200595E+08  0.200595E+08  0.265980E+08  0.265977E+08  0.000000E+00  0.200595E+08
  0.327407E-04  0.200595E+08  0.200595E+08  0.265878E+08  0.265875E+08  0.000000E+00  0.200595E+08
  0.338505E-04  0.200595E+08  0.200595E+08  0.265769E+08  0.265766E+08  0.000000E+00  0.200595E+08
  0.349979E-04  0.200594E+08  0.200594E+08  0.265652E+08  0.265649E+08  0.000000E+00  0.200594E+08
  0.361841E-04  0.200594E+08  0.200594E+08  0.265527E+08  0.265525E+08  0.000000E+00  0.200594E+08
  0.374106E-04  0.200594E+08  0.200594E+08  0.265394E+08  0.265391E+08  0.000000E+00  0.200594E+08
  0.386786E-04  0.200594E+08  0.200594E+08  0.265252E+08  0.265249E+08  0.000000E+00  0.200594E+08
  0.399896E-04  0.200593E+08  0.200593E+08  0.265100E+08  0.265097E+08  0.000000E+00  0.200593E+08
  0.413451E-04  0.200593E+08  0.200593E+08  0.264938E+08  0.264934E+08  0.000000E+00  0.200593E+08
  0.427465E-04  0.200593E+08  0.200593E+08  0.264765E+08  0.264761E+08  0.000000E+00  0.200593E+08
  0.441954E-04  0.200592E+08  0.200592E+08  0.264580E+08  0.264575E+08  0.000000E+00  0.200592E+08
  0.456934E-04  0.200592E+08  0.200592E+08  0.264382E+08  0.264377E+08  0.000000E+00  0.200592E+08
  0.472422E-04  0.200591E+08  0.200591E+08  0.264171E+08  0.264166E+08  0.000000E+00  0.200591E+08
  0.488434E-04  0.200591E+08  0.200591E+08  0.263945E+08  0.263940E+08  0.000000E+00  0.200591E+08
  0.504990E-04  0.200590E+08  0.200590E+08  0.263704E+08  0.263698E+08  0.000000E+00  0.200590E+08
  0.522107E-04  0.200590E+08  0.200590E+08  0.263446E+08  0.263440E+08  0.000000E+00  0.200590E+08
  0.539803E-04  0.200589E+08  0.200589E+08  0.263171E+08  0.263165E+08  0.000000E+00  0.200589E+08
  0.558100E-04  0.200589E+08  0.200589E+08  0.262878E+08  0.262871E+08  0.000000E+00  0.200589E+08
  0.577017E-04  0.200588E+08  0.200588E+08  0.262564E+08  0.262557E+08  0.000000E+00  0.200588E+08
  0.596575E-04  0.200588E+08  0.200588E+08  0.262230E+08  0.262222E+08  0.000000E+00  0.200588E+08
  0.616796E-04  0.200587E+08  0.200587E+08  0.261872E+08  0.261864E+08  0.000000E+00  0.200587E+08
  0.637702E-04  0.200586E+08  0.200586E+08  0.261491E+08  0.261482E+08  0.000000E+00  0.200586E+08
  0.659317E-04  0.200585E+08  0.200585E+08  0.261083E+08  0.261074E+08  0.000000E+00  0.200585E+08
  0.681665E-04  0.200584E+08  0.200584E+08  0.260648E+08  0.260638E+08  0.000000E+00  0.200584E+08
  0.704770E-04  0.200583E+08  0.200583E+08  0.260184E+08  0.260173E+08  0.000000E+00  0.200583E+08
  0.728658E-04  0.200582E+08  0.200582E+08  0.259689E+08  0.259678E+08  0.000000E+00  0.200582E+08
  0.753356E-04  0.200581E+08  0.200581E+08  0.259161E+08  0.259148E+08  0.000000E+00  0.200581E+08
  0.778891E-04  0.200580E+08  0.200580E+08  0.258597E+08  0.258584E+08  0.000000E+00  0.200580E+08
  0.805292E-04  0.200579E+08  0.200579E+08  0.257996E+08  0.257982E+08  0.000000E+00  0.200579E+08
  0.832588E-04  0.200578E+08  0.200578E+08  0.257355E+08  0.257339E+08  0.000000E+00  0.200578E+08
  0.860808E-04  0.200576E+08  0.200576E+08  0.256671E+08  0.256654E+08  0.000000E+00  0.200576E+08
  0.889986E-04  0.200575E+08  0.200575E+08  0.255941E+08  0.255924E+08  0.000000E+00  0.200575E+08
  0.920152E-04  0.200573E+08  0.200573E+08  0.255164E+08  0.255145E+08  0.000000E+00  0.200573E+08
  0.951340E-04  0.200571E+08  0.200571E+08  0.254335E+08  0.254315E+08  0.000000E+00  0.200571E+08
  0.983586E-04  0.200569E+08  0.200569E+08  0.253452E+08  0.253431E+08  0.000000E+00  0.200569E+08
  0.101692E-03  0.200567E+08  0.200567E+08  0.252511E+08  0.252488E+08  0.000000E+00  0.200567E+08
  0.105139E-03  0.200565E+08  0.200565E+08  0.251508E+08  0.251485E+08  0.000000E+00  0.200565E+08
  0.108703E-03  0.200563E+08  0.200563E+08  0.250441E+08  0.250416E+08  0.000000E+00  0.200563E+08
  0.112388E-03  0.200561E+08  0.200561E+08  0.249305E+08  0.249277E+08  0.000000E+00  0.200561E+08
  0.116197E-03  0.200558E+08  0.200558E+08  0.248095E+08  0.248066E+08  0.000000E+00  0.200558E+08
  0.120135E-03  0.200555E+08  0.200555E+08  0.246808E+08  0.246777E+08  0.000000E+00  0.200555E+08
  0.124207E-03  0.200552E+08  0.200552E+08  0.245439E+08  0.245406E+08  0.000000E+00  0.200552E+08
  0.128417E-03  0.200549E+08  0.200549E+08  0.243983E+08  0.243948E+08  0.000000E+00  0.200549E+08
  0.132770E-03  0.200546E+08  0.200546E+08  0.242435E+08  0.242398E+08  0.000000E+00  0.200546E+08
  0.137271E-03  0.200542E+08  0.200542E+08  0.240791E+08  0.240752E+08  0.000000E+00  0.200542E+08
  0.141923E-03  0.200539E+08  0.200539E+08  0.239045E+08  0.239003E+08  0.000000E+00  0.200539E+08
  0.146734E-03  0.200534E+08  0.200534E+08  0.237190E+08  0.237146E+08  0.000000E+00  0.200534E+08
  0.151707E-03  0.200530E+08  0.200530E+08  0.235223E+08  0.235176E+08  0.000000E+00  0.200530E+08
  0.156849E-03  0.200526E+08  0.200525E+08  0.233136E+08  0.233086E+08  0.000000E+00  0.200526E+08
  0.162166E-03  0.200521E+08  0.200521E+08  0.230925E+08  0.230871E+08  0.000000E+00  0.200521E+08
  0.167663E-03  0.200515E+08  0.200515E+08  0.228581E+08  0.228525E+08  0.000000E+00  0.200515E+08
  0.173345E-03  0.200510E+08  0.200510E+08  0.226101E+08  0.226040E+08  0.000000E+00  0.200510E+08
  0.179221E-03  0.200504E+08  0.200504E+08  0.223476E+08  0.223412E+08  0.000000E+00  0.200504E+08
  0.185296E-03  0.200497E+08  0.200497E+08  0.220702E+08  0.220634E+08  0.000000E+00  0.200497E+08
  0.191576E-03  0.200490E+08  0.200490E+08  0.217770E+08  0.217698E+08  0.000000E+00  0.200490E+08
  0.198070E-03  0.200483E+08  0.200483E+08  0.214676E+08  0.214600E+08  0.000000E+00  0.200483E+08
  0.204784E-03  0.200475E+08  0.200475E+08  0.211414E+08  0.211333E+08  0.000000E+00  0.200475E+08
  0.211725E-03  0.200467E+08  0.200467E+08  0.207976E+08  0.207891E+08  0.000000E+00  0.200467E+08
  0.218901E-03  0.200458E+08  0.200458E+08  0.204359E+08  0.204268E+08  0.000000E+00  0.200458E+08
  0.226321E-03  0.200448E+08  0.200448E+08  0.200555E+08  0.200460E+08  0.000000E+00  0.200448E+08
  0.233992E-03  0.200438E+08  0.200438E+08  0.196561E+08  0.196461E+08  0.000000E+00  0.200438E+08
  0.241923E-03  0.200427E+08  0.200427E+08  0.192373E+08  0.192267E+08  0.000000E+00  0.200427E+08
  0.250123E-03  0.200416E+08  0.200416E+08  0.187987E+08  0.187875E+08  0.000000E+00  0.200416E+08
  0.258601E-03  0.200404E+08  0.200403E+08  0.183400E+08  0.183282E+08  0.000000E+00  0.200404E+08
  0.267366E-03  0.200390E+08  0.200390E+08  0.178610E+08  0.178486E+08  0.000000E+00  0.200390E+08
  0.276429E-03  0.200376E+08  0.200376E+08  0.173619E+08  0.173488E+08  0.000000E+00  0.200376E+08
  0.285798E-03  0.200362E+08  0.200361E+08  0.168425E+08  0.168288E+08  0.000000E+00  0.200362E+08
  0.295486E-03  0.200346E+08  0.200346E+08  0.163033E+08  0.162889E+08  0.000000E+00  0.200346E+08
  0.305501E-03  0.200329E+08  0.200329E+08  0.157446E+08  0.157295E+08  0.000000E+00  0.200329E+08
  0.315856E-03  0.200311E+08  0.200311E+08  0.151670E+08  0.151512E+08  0.000000E+00  0.200311E+08
  0.326562E-03  0.200292E+08  0.200292E+08  0.145715E+08  0.145549E+08  0.000000E+00  0.200292E+08
  0.337631E-03  0.200271E+08  0.200271E+08  0.139590E+08  0.139417E+08  0.000000E+00  0.200271E+08
  0.349075E-03  0.200250E+08  0.200250E+08  0.133310E+08  0.133129E+08  0.000000E+00  0.200250E+08
  0.360907E-03  0.200227E+08  0.200226E+08  0.126890E+08  0.126701E+08  0.000000E+00  0.200227E+08
  0.373140E-03  0.200202E+08  0.200202E+08  0.120350E+08  0.120152E+08  0.000000E+00  0.200202E+08
  0.385788E-03  0.200176E+08  0.200176E+08  0.113712E+08  0.113506E+08  0.000000E+00  0.200176E+08
  0.398864E-03  0.200148E+08  0.200148E+08  0.107001E+08  0.106786E+08  0.000000E+00  0.200148E+08
  0.412383E-03  0.200119E+08  0.200119E+08  0.100247E+08  0.100023E+08  0.000000E+00  0.200119E+08
  0.426361E-03  0.200088E+08  0.200087E+08  0.934804E+07  0.932471E+07  0.000000E+00  0.200088E+08
  0.440813E-03  0.200055E+08  0.200054E+08  0.867368E+07  0.864939E+07  0.000000E+00  0.200054E+08
  0.455754E-03  0.200019E+08  0.200019E+08  0.800539E+07  0.798011E+07  0.000000E+00  0.200019E+08
  0.471202E-03  0.199982E+08  0.199982E+08  0.734719E+07  0.732087E+07  0.000000E+00  0.199982E+08
  0.487173E-03  0.199942E+08  0.199942E+08  0.670331E+07  0.667592E+07  0.000000E+00  0.199942E+08
  0.503686E-03  0.199900E+08  0.199900E+08  0.607814E+07  0.604961E+07  0.000000E+00  0.199900E+08
  0.520759E-03  0.199856E+08  0.199856E+08  0.547609E+07  0.544637E+07  0.000000E+00  0.199856E+08
  0.538410E-03  0.199809E+08  0.199808E+08  0.490158E+07  0.487059E+07  0.000000E+00  0.199809E+08
  0.556659E-03  0.199759E+08  0.199759E+08  0.435885E+07  0.432651E+07  0.000000E+00  0.199759E+08
  0.575527E-03  0.199706E+08  0.199706E+08  0.385188E+07  0.381811E+07  0.000000E+00  0.199706E+08
  0.595035E-03  0.199651E+08  0.199650E+08  0.338426E+07  0.334896E+07  0.000000E+00  0.199650E+08
  0.615204E-03  0.199592E+08  0.199591E+08  0.295897E+07  0.292205E+07  0.000000E+00  0.199592E+08
  0.636056E-03  0.199529E+08  0.199529E+08  0.257833E+07  0.253969E+07  0.000000E+00  0.199529E+08
  0.657615E-03  0.199464E+08  0.199463E+08  0.224376E+07  0.220330E+07  0.000000E+00  0.199463E+08
  0.679905E-03  0.199394E+08  0.199394E+08  0.195569E+07  0.191332E+07  0.000000E+00  0.199394E+08
  0.702951E-03  0.199321E+08  0.199320E+08  0.171341E+07  0.166908E+07  0.000000E+00  0.199321E+08
  0.726777E-03  0.199244E+08  0.199243E+08  0.151507E+07  0.146873E+07  0.000000E+00  0.199244E+08
  0.751412E-03  0.199162E+08  0.199162E+08  0.135753E+07  0.130919E+07  0.000000E+00  0.199162E+08
  0.776881E-03  0.199077E+08  0.199076E+08  0.123649E+07  0.118621E+07  0.000000E+00  0.199077E+08
  0.803213E-03  0.198987E+08  0.198986E+08  0.114658E+07  0.109446E+07  0.000000E+00  0.198986E+08
  0.830438E-03  0.198892E+08  0.198891E+08  0.108151E+07  0.102776E+07  0.000000E+00  0.198892E+08
  0.858586E-03  0.198792E+08  0.198791E+08  0.103440E+07  0.979292E+06  0.000000E+00  0.198792E+08
  0.887688E-03  0.198687E+08  0.198686E+08  0.998109E+06  0.942017E+06  0.000000E+00  0.198687E+08
  0.917776E-03  0.198577E+08  0.198575E+08  0.965683E+06  0.909073E+06  0.000000E+00  0.198576E+08
  0.948884E-03  0.198461E+08  0.198460E+08  0.930840E+06  0.874259E+06  0.000000E+00  0.198461E+08
  0.981047E-03  0.198339E+08  0.198338E+08  0.888449E+06  0.832507E+06  0.000000E+00  0.198339E+08
  0.101430E-02  0.198211E+08  0.198210E+08  0.834980E+06  0.780323E+06  0.000000E+00  0.198211E+08
  0.104868E-02  0.198077E+08  0.198076E+08  0.768853E+06  0.716121E+06  0.000000E+00  0.198077E+08
  0.108422E-02  0.197937E+08  0.197935E+08  0.690626E+06  0.640398E+06  0.000000E+00  0.197936E+08
  0.112097E-02  0.197789E+08  0.197788E+08  0.602963E+06  0.555701E+06  0.000000E+00  0.197789E+08
  0.115897E-02  0.197635E+08  0.197633E+08  0.510346E+06  0.466334E+06  0.000000E+00  0.197634E+08
  0.119825E-02  0.197473E+08  0.197471E+08  0.418515E+06  0.377805E+06  0.000000E+00  0.197472E+08
  0.123887E-02  0.197303E+08  0.197301E+08  0.333664E+06  0.296038E+06  0.000000E+00  0.197303E+08
  0.128086E-02  0.197125E+08  0.197123E+08  0.261478E+06  0.226439E+06  0.000000E+00  0.197125E+08
  0.132427E-02  0.196939E+08  0.196937E+08  0.206146E+06  0.172943E+06  0.000000E+00  0.196939E+08
  0.136916E-02  0.196745E+08  0.196742E+08  0.169515E+06  0.137213E+06  0.000000E+00  0.196744E+08
  0.141557E-02  0.196541E+08  0.196538E+08  0.150599E+06  0.118186E+06  0.000000E+00  0.196540E+08
  0.146355E-02  0.196328E+08  0.196325E+08  0.145589E+06  0.112109E+06  0.000000E+00  0.196327E+08
  0.151316E-02  0.196105E+08  0.196102E+08  0.000000E+00  0.000000E+00  0.000000E+00  0.196104E+08
  0.156445E-02  0.195872E+08  0.195869E+08  0.000000E+00  0.000000E+00  0.000000E+00  0.195871E+08
  0.161747E-02  0.195629E+08  0.195625E+08  0.000000E+00  0.000000E+00  0.000000E+00  0.195628E+08
  0.167230E-02  0.195374E+08  0.195371E+08  0.000000E+00  0.000000E+00  0.000000E+00  0.195374E+08
  0.172898E-02  0.195109E+08  0.195105E+08  0.000000E+00  0.000000E+00  0.000000E+00  0.195108E+08
  0.178758E-02  0.194832E+08  0.194828E+08  0.000000E+00  0.000000E+00  0.000000E+00  0.194831E+08
  0.184817E-02  0.194543E+08  0.194538E+08  0.000000E+00  0.000000E+00  0.000000E+00  0.194542E+08
  0.191082E-02  0.194241E+08  0.194236E+08  0.000000E+00  0.000000E+00  0.000000E+00  0.194240E+08
  0.197559E-02  0.193927E+08  0.193922E+08  0.000000E+00  0.000000E+00  0.000000E+00  0.193926E+08
  0.204255E-02  0.193599E+08  0.193593E+08  0.000000E+00  0.000000E+00  0.000000E+00  0.193598E+08
  0.211178E-02  0.193257E+08  0.193252E+08  0.000000E+00  0.000000E+00  0.000000E+00  0.193256E+08
  0.218336E-02  0.192902E+08  0.192895E+08  0.000000E+00  0.000000E+00  0.000000E+00  0.192900E+08
  0.225737E-02  0.192531E+08  0.192524E+08  0.000000E+00  0.000000E+00  0.000000E+00  0.192530E+08
  0.233388E-02  0.192145E+08  0.192138E+08  0.000000E+00  0.000000E+00  0.000000E+00  0.192144E+08
  0.241299E-02  0.191744E+08  0.191736E+08  0.000000E+00  0.000000E+00  0.000000E+00  0.191742E+08
  0.249477E-02  0.191326E+08  0.191318E+08  0.000000E+00  0.000000E+00  0.000000E+00  0.191325E+08
  0.257933E-02  0.190892E+08  0.190883E+08  0.000000E+00  0.000000E+00  0.000000E+00  0.190890E+08
  0.266676E-02  0.190441E+08  0.190431E+08  0.000000E+00  0.000000E+00  0.000000E+00  0.190439E+08
  0.275715E-02  0.189972E+08  0.189962E+08  0.000000E+00  0.000000E+00  0.000000E+00  0.189970E+08
  0.285060E-02  0.189484E+08  0.189474E+08  0.000000E+00  0.000000E+00  0.000000E+00  0.189483E+08
  0.294723E-02  0.188978E+08  0.188967E+08  0.000000E+00  0.000000E+00  0.000000E+00  0.188977E+08
  0.304712E-02  0.188453E+08  0.188441E+08  0.000000E+00  0.000000E+00  0.000000E+00  0.188451E+08
  0.315041E-02  0.187908E+08  0.187896E+08  0.000000E+00  0.000000E+00  0.000000E+00  0.187906E+08
  0.325719E-02  0.187343E+08  0.187330E+08  0.000000E+00  0.000000E+00  0.000000E+00  0.187341E+08
  0.336759E-02  0.186757E+08  0.186743E+08  0.000000E+00  0.000000E+00  0.000000E+00  0.186755E+08
  0.348174E-02  0.186150E+08  0.186135E+08  0.000000E+00  0.000000E+00  0.000000E+00  0.186147E+08
  0.359975E-02  0.185521E+08  0.185504E+08  0.000000E+00  0.000000E+00  0.000000E+00  0.185518E+08
  0.372177E-02  0.184869E+08  0.184852E+08  0.000000E+00  0.000000E+00  0.000000E+00  0.184866E+08
  0.384792E-02  0.184195E+08  0.184176E+08  0.000000E+00  0.000000E+00  0.000000E+00  0.184192E+08
  0.397834E-02  0.183497E+08  0.183477E+08  0.000000E+00  0.000000E+00  0.000000E+00  0.183493E+08
  0.411319E-02  0.182774E+08  0.182753E+08  0.000000E+00  0.000000E+00  0.000000E+00  0.182771E+08
  0.425260E-02  0.182028E+08  0.182005E+08  0.000000E+00  0.000000E+00  0.000000E+00  0.182024E+08
  0.439675E-02  0.181256E+08  0.181231E+08  0.000000E+00  0.000000E+00  0.000000E+00  0.181251E+08
  0.454577E-02  0.180458E+08  0.180432E+08  0.000000E+00  0.000000E+00  0.000000E+00  0.180453E+08
  0.469985E-02  0.179634E+08  0.179606E+08  0.000000E+00  0.000000E+00  0.000000E+00  0.179629E+08
  0.485916E-02  0.178783E+08  0.178754E+08  0.000000E+00  0.000000E+00  0.000000E+00  0.178778E+08
  0.502386E-02  0.177905E+08  0.177874E+08  0.000000E+00  0.000000E+00  0.000000E+00  0.177900E+08
  0.519414E-02  0.176999E+08  0.176965E+08  0.000000E+00  0.000000E+00  0.000000E+00  0.176993E+08
  0.537020E-02  0.176064E+08  0.176029E+08  0.000000E+00  0.000000E+00  0.000000E+00  0.176058E+08
  0.555222E-02  0.175100E+08  0.175063E+08  0.000000E+00  0.000000E+00  0.000000E+00  0.175094E+08
  0.574042E-02  0.174107E+08  0.174067E+08  0.000000E+00  0.000000E+00  0.000000E+00  0.174100E+08
  0.593499E-02  0.173084E+08  0.173041E+08  0.000000E+00  0.000000E+00  0.000000E+00  0.173077E+08
  0.613615E-02  0.172030E+08  0.171984E+08  0.000000E+00  0.000000E+00  0.000000E+00  0.172022E+08
  0.634414E-02  0.170945E+08  0.170896E+08  0.000000E+00  0.000000E+00  0.000000E+00  0.170937E+08
  0.655917E-02  0.169828E+08  0.169776E+08  0.000000E+00  0.000000E+00  0.000000E+00  0.169819E+08
  0.678150E-02  0.168679E+08  0.168624E+08  0.000000E+00  0.000000E+00  0.000000E+00  0.168669E+08
  0.701136E-02  0.167497E+08  0.167438E+08  0.000000E+00  0.000000E+00  0.000000E+00  0.167487E+08
  0.724901E-02  0.166281E+08  0.166219E+08  0.000000E+00  0.000000E+00  0.000000E+00  0.166271E+08
  0.749471E-02  0.165032E+08  0.164966E+08  0.000000E+00  0.000000E+00  0.000000E+00  0.165021E+08
  0.774875E-02  0.163749E+08  0.163679E+08  0.000000E+00  0.000000E+00  0.000000E+00  0.163737E+08
  0.801139E-02  0.162430E+08  0.162356E+08  0.000000E+00  0.000000E+00  0.000000E+00  0.162417E+08
  0.828294E-02  0.161076E+08  0.160997E+08  0.000000E+00  0.000000E+00  0.000000E+00  0.161063E+08
  0.856369E-02  0.159686E+08  0.159602E+08  0.000000E+00  0.000000E+00  0.000000E+00  0.159672E+08
  0.885396E-02  0.158259E+08  0.158171E+08  0.000000E+00  0.000000E+00  0.000000E+00  0.158244E+08
  0.915407E-02  0.156796E+08  0.156702E+08  0.000000E+00  0.000000E+00  0.000000E+00  0.156780E+08
  0.946434E-02  0.155295E+08  0.155195E+08  0.000000E+00  0.000000E+00  0.000000E+00  0.155278E+08
  0.978514E-02  0.153756E+08  0.153649E+08  0.000000E+00  0.000000E+00  0.000000E+00  0.153738E+08
  0.101168E-01  0.152178E+08  0.152065E+08  0.000000E+00  0.000000E+00  0.000000E+00  0.152159E+08
  0.104597E-01  0.150561E+08  0.150442E+08  0.000000E+00  0.000000E+00  0.000000E+00  0.150541E+08
  0.108143E-01  0.148905E+08  0.148779E+08  0.000000E+00  0.000000E+00  0.000000E+00  0.148883E+08
  0.111808E-01  0.147209E+08  0.147075E+08  0.000000E+00  0.000000E+00  0.000000E+00  0.147186E+08
  0.115598E-01  0.145472E+08  0.145331E+08  0.000000E+00  0.000000E+00  0.000000E+00  0.145448E+08
  0.119516E-01  0.143695E+08  0.143545E+08  0.000000E+00  0.000000E+00  0.000000E+00  0.143670E+08
  0.123567E-01  0.141877E+08  0.141719E+08  0.000000E+00  0.000000E+00  0.000000E+00  0.141850E+08
  0.127755E-01  0.140017E+08  0.139850E+08  0.000000E+00  0.000000E+00  0.000000E+00  0.139988E+08
  0.132086E-01  0.138115E+08  0.137939E+08  0.000000E+00  0.000000E+00  0.000000E+00  0.138085E+08
  0.136563E-01  0.136172E+08  0.135986E+08  0.000000E+00  0.000000E+00  0.000000E+00  0.136140E+08
  0.141191E-01  0.134186E+08  0.133990E+08  0.000000E+00  0.000000E+00  0.000000E+00  0.134153E+08
  0.145977E-01  0.132159E+08  0.131952E+08  0.000000E+00  0.000000E+00  0.000000E+00  0.132124E+08
  0.150925E-01  0.130090E+08  0.129872E+08  0.000000E+00  0.000000E+00  0.000000E+00  0.130052E+08
  0.156041E-01  0.127978E+08  0.127749E+08  0.000000E+00  0.000000E+00  0.000000E+00  0.127939E+08
  0.161330E-01  0.125825E+08  0.125585E+08  0.000000E+00  0.000000E+00  0.000000E+00  0.125784E+08
  0.166798E-01  0.123632E+08  0.123379E+08  0.000000E+00  0.000000E+00  0.000000E+00  0.123589E+08
  0.172452E-01  0.121397E+08  0.121133E+08  0.000000E+00  0.000000E+00  0.000000E+00  0.121352E+08
  0.178297E-01  0.119123E+08  0.118846E+08  0.000000E+00  0.000000E+00  0.000000E+00  0.119076E+08
  0.184340E-01  0.116811E+08  0.116521E+08  0.000000E+00  0.000000E+00  0.000000E+00  0.116762E+08
  0.190588E-01  0.114462E+08  0.114159E+08  0.000000E+00  0.000000E+00  0.000000E+00  0.114410E+08
  0.197048E-01  0.112077E+08  0.111760E+08  0.000000E+00  0.000000E+00  0.000000E+00  0.112023E+08
  0.203727E-01  0.109658E+08  0.109328E+08  0.000000E+00  0.000000E+00  0.000000E+00  0.109602E+08
  0.210633E-01  0.107208E+08  0.106865E+08  0.000000E+00  0.000000E+00  0.000000E+00  0.107149E+08
  0.217772E-01  0.104729E+08  0.104373E+08  0.000000E+00  0.000000E+00  0.000000E+00  0.104668E+08
  0.225154E-01  0.102224E+08  0.101855E+08  0.000000E+00  0.000000E+00  0.000000E+00  0.102161E+08
  0.232785E-01  0.996970E+07  0.993150E+07  0.000000E+00  0.000000E+00  0.000000E+00  0.996319E+07
  0.240676E-01  0.971513E+07  0.967570E+07  0.000000E+00  0.000000E+00  0.000000E+00  0.970842E+07
  0.248833E-01  0.945916E+07  0.941854E+07  0.000000E+00  0.000000E+00  0.000000E+00  0.945224E+07
  0.257268E-01  0.920226E+07  0.916051E+07  0.000000E+00  0.000000E+00  0.000000E+00  0.919514E+07
  0.265988E-01  0.894497E+07  0.890217E+07  0.000000E+00  0.000000E+00  0.000000E+00  0.893768E+07
  0.275003E-01  0.868787E+07  0.864412E+07  0.000000E+00  0.000000E+00  0.000000E+00  0.868042E+07
  0.284325E-01  0.843161E+07  0.838702E+07  0.000000E+00  0.000000E+00  0.000000E+00  0.842402E+07
  0.293962E-01  0.817688E+07  0.813158E+07  0.000000E+00  0.000000E+00  0.000000E+00  0.816916E+07
  0.303926E-01  0.792439E+07  0.787853E+07  0.000000E+00  0.000000E+00  0.000000E+00  0.791658E+07
  0.314227E-01  0.767494E+07  0.762868E+07  0.000000E+00  0.000000E+00  0.000000E+00  0.766706E+07
  0.324878E-01  0.742837E+07  0.738188E+07  0.000000E+00  0.000000E+00  0.000000E+00  0.742045E+07
  0.335890E-01  0.723057E+07  0.718404E+07  0.000000E+00  0.000000E+00  0.000000E+00  0.722264E+07
  0.347275E-01  0.699281E+07  0.694647E+07  0.000000E+00  0.000000E+00  0.000000E+00  0.698492E+07
  0.359046E-01  0.676131E+07  0.671538E+07  0.000000E+00  0.000000E+00  0.000000E+00  0.675348E+07
  0.371216E-01  0.653693E+07  0.649165E+07  0.000000E+00  0.000000E+00  0.000000E+00  0.652921E+07
  0.383798E-01  0.632049E+07  0.627610E+07  0.000000E+00  0.000000E+00  0.000000E+00  0.631293E+07
  0.396807E-01  0.611267E+07  0.606942E+07  0.000000E+00  0.000000E+00  0.000000E+00  0.610531E+07
  0.410257E-01  0.591402E+07  0.587215E+07  0.000000E+00  0.000000E+00  0.000000E+00  0.590688E+07
  0.424162E-01  0.569894E+07  0.565871E+07  0.000000E+00  0.000000E+00  0.000000E+00  0.569209E+07
  0.438539E-01  0.551903E+07  0.548065E+07  0.000000E+00  0.000000E+00  0.000000E+00  0.551249E+07
  0.453404E-01  0.534845E+07  0.531212E+07  0.000000E+00  0.000000E+00  0.000000E+00  0.534226E+07
  0.468772E-01  0.518690E+07  0.515280E+07  0.000000E+00  0.000000E+00  0.000000E+00  0.518109E+07
  0.484661E-01  0.503398E+07  0.500223E+07  0.000000E+00  0.000000E+00  0.000000E+00  0.502857E+07
  0.501089E-01  0.488928E+07  0.485998E+07  0.000000E+00  0.000000E+00  0.000000E+00  0.488429E+07
  0.518073E-01  0.476565E+07  0.473884E+07  0.000000E+00  0.000000E+00  0.000000E+00  0.476108E+07
  0.535634E-01  0.463526E+07  0.461092E+07  0.000000E+00  0.000000E+00  0.000000E+00  0.463111E+07
  0.553789E-01  0.451067E+07  0.448872E+07  0.000000E+00  0.000000E+00  0.000000E+00  0.450693E+07
  0.572560E-01  0.439043E+07  0.437074E+07  0.000000E+00  0.000000E+00  0.000000E+00  0.438708E+07
  0.591966E-01  0.427275E+07  0.425510E+07  0.000000E+00  0.000000E+00  0.000000E+00  0.426974E+07
  0.612031E-01  0.414593E+07  0.413006E+07  0.000000E+00  0.000000E+00  0.000000E+00  0.414323E+07
  0.632776E-01  0.402712E+07  0.401270E+07  0.000000E+00  0.000000E+00  0.000000E+00  0.402467E+07
  0.654224E-01  0.390551E+07  0.389219E+07  0.000000E+00  0.000000E+00  0.000000E+00  0.390324E+07
  0.676399E-01  0.378018E+07  0.376757E+07  0.000000E+00  0.000000E+00  0.000000E+00  0.377803E+07
  0.699326E-01  0.365067E+07  0.363839E+07  0.000000E+00  0.000000E+00  0.000000E+00  0.364858E+07
  0.723029E-01  0.352153E+07  0.350922E+07  0.000000E+00  0.000000E+00  0.000000E+00  0.351943E+07
  0.747537E-01  0.338460E+07  0.337193E+07  0.000000E+00  0.000000E+00  0.000000E+00  0.338244E+07
  0.772874E-01  0.324366E+07  0.323038E+07  0.000000E+00  0.000000E+00  0.000000E+00  0.324140E+07
  0.799071E-01  0.309977E+07  0.308572E+07  0.000000E+00  0.000000E+00  0.000000E+00  0.309738E+07
  0.826156E-01  0.295513E+07  0.294026E+07  0.000000E+00  0.000000E+00  0.000000E+00  0.295260E+07
  0.854158E-01  0.281282E+07  0.279720E+07  0.000000E+00  0.000000E+00  0.000000E+00  0.281016E+07
  0.883110E-01  0.267622E+07  0.266004E+07  0.000000E+00  0.000000E+00  0.000000E+00  0.267347E+07
  0.913043E-01  0.254831E+07  0.253186E+07  0.000000E+00  0.000000E+00  0.000000E+00  0.254551E+07
  0.943991E-01  0.243122E+07  0.241486E+07  0.000000E+00  0.000000E+00  0.000000E+00  0.242843E+07
  0.975987E-01  0.232610E+07  0.231026E+07  0.000000E+00  0.000000E+00  0.000000E+00  0.232340E+07
  0.100907E+00  0.223318E+07  0.221825E+07  0.000000E+00  0.000000E+00  0.000000E+00  0.223063E+07
  0.104327E+00  0.215186E+07  0.213819E+07  0.000000E+00  0.000000E+00  0.000000E+00  0.214953E+07
  0.107863E+00  0.208080E+07  0.206861E+07  0.000000E+00  0.000000E+00  0.000000E+00  0.207872E+07
  0.111519E+00  0.201752E+07  0.200691E+07  0.000000E+00  0.000000E+00  0.000000E+00  0.201571E+07
  0.115299E+00  0.195823E+07  0.194911E+07  0.000000E+00  0.000000E+00  0.000000E+00  0.195668E+07
  0.119207E+00  0.189851E+07  0.189063E+07  0.000000E+00  0.000000E+00  0.000000E+00  0.189717E+07
  0.123248E+00  0.183478E+07  0.182777E+07  0.000000E+00  0.000000E+00  0.000000E+00  0.183359E+07
  0.127425E+00  0.176508E+07  0.175848E+07  0.000000E+00  0.000000E+00  0.000000E+00  0.176396E+07
  0.131745E+00  0.168884E+07  0.168224E+07  0.000000E+00  0.000000E+00  0.000000E+00  0.168772E+07
  0.136210E+00  0.160704E+07  0.160010E+07  0.000000E+00  0.000000E+00  0.000000E+00  0.160586E+07
  0.140827E+00  0.152240E+07  0.151495E+07  0.000000E+00  0.000000E+00  0.000000E+00  0.152113E+07
  0.145600E+00  0.143897E+07  0.143104E+07  0.000000E+00  0.000000E+00  0.000000E+00  0.143762E+07
  0.150535E+00  0.136142E+07  0.135324E+07  0.000000E+00  0.000000E+00  0.000000E+00  0.136003E+07
  0.155638E+00  0.129359E+07  0.128551E+07  0.000000E+00  0.000000E+00  0.000000E+00  0.129222E+07
  0.160913E+00  0.123698E+07  0.122939E+07  0.000000E+00  0.000000E+00  0.000000E+00  0.123569E+07
  0.166367E+00  0.119040E+07  0.118359E+07  0.000000E+00  0.000000E+00  0.000000E+00  0.118924E+07
  0.172006E+00  0.115028E+07  0.114436E+07  0.000000E+00  0.000000E+00  0.000000E+00  0.114927E+07
  0.177837E+00  0.111185E+07  0.110675E+07  0.000000E+00  0.000000E+00  0.000000E+00  0.111098E+07
  0.183864E+00  0.107090E+07  0.106634E+07  0.000000E+00  0.000000E+00  0.000000E+00  0.107012E+07
  0.190096E+00  0.102466E+07  0.102029E+07  0.000000E+00  0.000000E+00  0.000000E+00  0.102391E+07
  0.196540E+00  0.973295E+06  0.968839E+06  0.000000E+00  0.000000E+00  0.000000E+00  0.972536E+06
  0.203202E+00  0.920064E+06  0.915389E+06  0.000000E+00  0.000000E+00  0.000000E+00  0.919267E+06
  0.210089E+00  0.869358E+06  0.864543E+06  0.000000E+00  0.000000E+00  0.000000E+00  0.868538E+06
  0.217210E+00  0.824883E+06  0.820154E+06  0.000000E+00  0.000000E+00  0.000000E+00  0.824077E+06
  0.224572E+00  0.788347E+06  0.783956E+06  0.000000E+00  0.000000E+00  0.000000E+00  0.787599E+06
  0.232184E+00  0.757582E+06  0.753670E+06  0.000000E+00  0.000000E+00  0.000000E+00  0.756915E+06
  0.240054E+00  0.728514E+06  0.725044E+06  0.000000E+00  0.000000E+00  0.000000E+00  0.727922E+06
  0.248191E+00  0.697570E+06  0.694361E+06  0.000000E+00  0.000000E+00  0.000000E+00  0.697023E+06
  0.256603E+00  0.663463E+06  0.660311E+06  0.000000E+00  0.000000E+00  0.000000E+00  0.662926E+06
  0.265301E+00  0.628000E+06  0.624806E+06  0.000000E+00  0.000000E+00  0.000000E+00  0.627456E+06
  0.274293E+00  0.594576E+06  0.591393E+06  0.000000E+00  0.000000E+00  0.000000E+00  0.594034E+06
  0.283590E+00  0.565610E+06  0.562578E+06  0.000000E+00  0.000000E+00  0.000000E+00  0.565093E+06
  0.293203E+00  0.540851E+06  0.538076E+06  0.000000E+00  0.000000E+00  0.000000E+00  0.540378E+06
  0.303141E+00  0.517606E+06  0.515075E+06  0.000000E+00  0.000000E+00  0.000000E+00  0.517175E+06
  0.313416E+00  0.493489E+06  0.491098E+06  0.000000E+00  0.000000E+00  0.000000E+00  0.493082E+06
  0.324039E+00  0.468290E+06  0.465947E+06  0.000000E+00  0.000000E+00  0.000000E+00  0.467891E+06
  0.335023E+00  0.443823E+06  0.441525E+06  0.000000E+00  0.000000E+00  0.000000E+00  0.443432E+06
  0.346378E+00  0.421849E+06  0.419660E+06  0.000000E+00  0.000000E+00  0.000000E+00  0.421476E+06
  0.358119E+00  0.402253E+06  0.400220E+06  0.000000E+00  0.000000E+00  0.000000E+00  0.401907E+06
  0.370257E+00  0.383403E+06  0.381503E+06  0.000000E+00  0.000000E+00  0.000000E+00  0.383079E+06
  0.382807E+00  0.364320E+06  0.362499E+06  0.000000E+00  0.000000E+00  0.000000E+00  0.364009E+06
  0.395783E+00  0.345582E+06  0.343821E+06  0.000000E+00  0.000000E+00  0.000000E+00  0.345282E+06
  0.409198E+00  0.328252E+06  0.326575E+06  0.000000E+00  0.000000E+00  0.000000E+00  0.327966E+06
  0.423068E+00  0.312334E+06  0.310760E+06  0.000000E+00  0.000000E+00  0.000000E+00  0.312066E+06
  0.437407E+00  0.296982E+06  0.295495E+06  0.000000E+00  0.000000E+00  0.000000E+00  0.296729E+06
  0.452233E+00  0.281903E+06  0.280480E+06  0.000000E+00  0.000000E+00  0.000000E+00  0.281661E+06
  0.467562E+00  0.267551E+06  0.266193E+06  0.000000E+00  0.000000E+00  0.000000E+00  0.267320E+06
  0.483410E+00  0.254181E+06  0.252897E+06  0.000000E+00  0.000000E+00  0.000000E+00  0.253962E+06
  0.499795E+00  0.241441E+06  0.240226E+06  0.000000E+00  0.000000E+00  0.000000E+00  0.241234E+06
  0.516736E+00  0.229128E+06  0.227971E+06  0.000000E+00  0.000000E+00  0.000000E+00  0.228931E+06
  0.534250E+00  0.217425E+06  0.216326E+06  0.000000E+00  0.000000E+00  0.000000E+00  0.217238E+06
  0.552359E+00  0.206391E+06  0.205350E+06  0.000000E+00  0.000000E+00  0.000000E+00  0.206214E+06
  0.571081E+00  0.195848E+06  0.194860E+06  0.000000E+00  0.000000E+00  0.000000E+00  0.195679E+06
  0.590438E+00  0.185773E+06  0.184835E+06  0.000000E+00  0.000000E+00  0.000000E+00  0.185613E+06
  0.610451E+00  0.176230E+06  0.175341E+06  0.000000E+00  0.000000E+00  0.000000E+00  0.176079E+06
  0.631142E+00  0.167155E+06  0.166312E+06  0.000000E+00  0.000000E+00  0.000000E+00  0.167012E+06
  0.652535E+00  0.158506E+06  0.157706E+06  0.000000E+00  0.000000E+00  0.000000E+00  0.158370E+06
  0.674653E+00  0.150295E+06  0.149537E+06  0.000000E+00  0.000000E+00  0.000000E+00  0.150166E+06
  0.697520E+00  0.142491E+06  0.141773E+06  0.000000E+00  0.000000E+00  0.000000E+00  0.142369E+06
  0.721163E+00  0.135069E+06  0.134387E+06  0.000000E+00  0.000000E+00  0.000000E+00  0.134953E+06
  0.745607E+00  0.128020E+06  0.127375E+06  0.000000E+00  0.000000E+00  0.000000E+00  0.127910E+06
  0.770879E+00  0.121321E+06  0.120709E+06  0.000000E+00  0.000000E+00  0.000000E+00  0.121217E+06
  0.797008E+00  0.114957E+06  0.114377E+06  0.000000E+00  0.000000E+00  0.000000E+00  0.114858E+06
  0.824022E+00  0.108914E+06  0.108365E+06  0.000000E+00  0.000000E+00  0.000000E+00  0.108821E+06
  0.851953E+00  0.103175E+06  0.102655E+06  0.000000E+00  0.000000E+00  0.000000E+00  0.103086E+06
  0.880830E+00  0.977280E+05  0.972353E+05  0.000000E+00  0.000000E+00  0.000000E+00  0.976440E+05
  0.910686E+00  0.925568E+05  0.920902E+05  0.000000E+00  0.000000E+00  0.000000E+00  0.924773E+05
  0.941553E+00  0.876499E+05  0.872081E+05  0.000000E+00  0.000000E+00  0.000000E+00  0.875746E+05
  0.973468E+00  0.829928E+05  0.825744E+05  0.000000E+00  0.000000E+00  0.000000E+00  0.829215E+05
  0.100646E+01  0.785742E+05  0.781781E+05  0.000000E+00  0.000000E+00  0.000000E+00  0.785067E+05
  0.104058E+01  0.743818E+05  0.740068E+05  0.000000E+00  0.000000E+00  0.000000E+00  0.743179E+05
  0.107585E+01  0.704052E+05  0.700504E+05  0.000000E+00  0.000000E+00  0.000000E+00  0.703448E+05
  0.111231E+01  0.666340E+05  0.662981E+05  0.000000E+00  0.000000E+00  0.000000E+00  0.665767E+05
  0.115002E+01  0.630581E+05  0.627403E+05  0.000000E+00  0.000000E+00  0.000000E+00  0.630039E+05
  0.118900E+01  0.596680E+05  0.593673E+05  0.000000E+00  0.000000E+00  0.000000E+00  0.596168E+05
  0.122930E+01  0.564539E+05  0.561693E+05  0.000000E+00  0.000000E+00  0.000000E+00  0.564054E+05
  0.127096E+01  0.534075E+05  0.531383E+05  0.000000E+00  0.000000E+00  0.000000E+00  0.533616E+05
  0.131404E+01  0.505204E+05  0.502658E+05  0.000000E+00  0.000000E+00  0.000000E+00  0.504771E+05
  0.135858E+01  0.477847E+05  0.475439E+05  0.000000E+00  0.000000E+00  0.000000E+00  0.477437E+05
  0.140463E+01  0.451927E+05  0.449650E+05  0.000000E+00  0.000000E+00  0.000000E+00  0.451539E+05
  0.145224E+01  0.427370E+05  0.425217E+05  0.000000E+00  0.000000E+00  0.000000E+00  0.427004E+05
  0.150147E+01  0.404106E+05  0.402069E+05  0.000000E+00  0.000000E+00  0.000000E+00  0.403759E+05
  0.155236E+01  0.382072E+05  0.380147E+05  0.000000E+00  0.000000E+00  0.000000E+00  0.381744E+05
  0.160498E+01  0.361208E+05  0.359388E+05  0.000000E+00  0.000000E+00  0.000000E+00  0.360898E+05
  0.165938E+01  0.341452E+05  0.339731E+05  0.000000E+00  0.000000E+00  0.000000E+00  0.341159E+05
  0.171562E+01  0.322748E+05  0.321121E+05  0.000000E+00  0.000000E+00  0.000000E+00  0.322470E+05
  0.177377E+01  0.305041E+05  0.303504E+05  0.000000E+00  0.000000E+00  0.000000E+00  0.304779E+05
  0.183390E+01  0.288281E+05  0.286828E+05  0.000000E+00  0.000000E+00  0.000000E+00  0.288034E+05
  0.189606E+01  0.272418E+05  0.271045E+05  0.000000E+00  0.000000E+00  0.000000E+00  0.272184E+05
  0.196032E+01  0.257404E+05  0.256107E+05  0.000000E+00  0.000000E+00  0.000000E+00  0.257183E+05
  0.202677E+01  0.243197E+05  0.241972E+05  0.000000E+00  0.000000E+00  0.000000E+00  0.242989E+05
  0.209547E+01  0.229756E+05  0.228599E+05  0.000000E+00  0.000000E+00  0.000000E+00  0.229559E+05
  0.216649E+01  0.217040E+05  0.215947E+05  0.000000E+00  0.000000E+00  0.000000E+00  0.216854E+05
  0.223993E+01  0.205012E+05  0.203979E+05  0.000000E+00  0.000000E+00  0.000000E+00  0.204836E+05
  0.231585E+01  0.193635E+05  0.192660E+05  0.000000E+00  0.000000E+00  0.000000E+00  0.193469E+05
  0.239434E+01  0.182875E+05  0.181954E+05  0.000000E+00  0.000000E+00  0.000000E+00  0.182718E+05
  0.247550E+01  0.172699E+05  0.171829E+05  0.000000E+00  0.000000E+00  0.000000E+00  0.172551E+05
  0.255941E+01  0.163077E+05  0.162256E+05  0.000000E+00  0.000000E+00  0.000000E+00  0.162937E+05
  0.264616E+01  0.153979E+05  0.153203E+05  0.000000E+00  0.000000E+00  0.000000E+00  0.153847E+05
  0.273585E+01  0.145378E+05  0.144646E+05  0.000000E+00  0.000000E+00  0.000000E+00  0.145254E+05
  0.282858E+01  0.137248E+05  0.136557E+05  0.000000E+00  0.000000E+00  0.000000E+00  0.137130E+05
  0.292446E+01  0.129564E+05  0.128911E+05  0.000000E+00  0.000000E+00  0.000000E+00  0.129452E+05
  0.302358E+01  0.122300E+05  0.121684E+05  0.000000E+00  0.000000E+00  0.000000E+00  0.122195E+05
  0.312607E+01  0.115436E+05  0.114854E+05  0.000000E+00  0.000000E+00  0.000000E+00  0.115336E+05
  0.323203E+01  0.108949E+05  0.108400E+05  0.000000E+00  0.000000E+00  0.000000E+00  0.108855E+05
  0.334158E+01  0.102819E+05  0.102301E+05  0.000000E+00  0.000000E+00  0.000000E+00  0.102731E+05
  0.345484E+01  0.970286E+04  0.965394E+04  0.000000E+00  0.000000E+00  0.000000E+00  0.969452E+04
  0.357194E+01  0.915580E+04  0.910963E+04  0.000000E+00  0.000000E+00  0.000000E+00  0.914793E+04
  0.369301E+01  0.863901E+04  0.859545E+04  0.000000E+00  0.000000E+00  0.000000E+00  0.863159E+04
  0.381819E+01  0.815083E+04  0.810973E+04  0.000000E+00  0.000000E+00  0.000000E+00  0.814383E+04
  0.394761E+01  0.768975E+04  0.765097E+04  0.000000E+00  0.000000E+00  0.000000E+00  0.768314E+04
  0.408141E+01  0.725429E+04  0.721770E+04  0.000000E+00  0.000000E+00  0.000000E+00  0.724806E+04
  0.421975E+01  0.684309E+04  0.680857E+04  0.000000E+00  0.000000E+00  0.000000E+00  0.683721E+04
  0.436278E+01  0.645480E+04  0.642224E+04  0.000000E+00  0.000000E+00  0.000000E+00  0.644925E+04
  0.451066E+01  0.608816E+04  0.605744E+04  0.000000E+00  0.000000E+00  0.000000E+00  0.608292E+04
  0.466355E+01  0.574200E+04  0.571302E+04  0.000000E+00  0.000000E+00  0.000000E+00  0.573706E+04
  0.482162E+01  0.541518E+04  0.538785E+04  0.000000E+00  0.000000E+00  0.000000E+00  0.541053E+04
  0.498505E+01  0.510670E+04  0.508092E+04  0.000000E+00  0.000000E+00  0.000000E+00  0.510231E+04
  0.515402E+01  0.481550E+04  0.479119E+04  0.000000E+00  0.000000E+00  0.000000E+00  0.481136E+04
  0.532871E+01  0.454066E+04  0.451773E+04  0.000000E+00  0.000000E+00  0.000000E+00  0.453675E+04
  0.550933E+01  0.428124E+04  0.425961E+04  0.000000E+00  0.000000E+00  0.000000E+00  0.427755E+04
  0.569607E+01  0.403643E+04  0.401603E+04  0.000000E+00  0.000000E+00  0.000000E+00  0.403295E+04
  0.588914E+01  0.380541E+04  0.378618E+04  0.000000E+00  0.000000E+00  0.000000E+00  0.380213E+04
  0.608875E+01  0.358741E+04  0.356928E+04  0.000000E+00  0.000000E+00  0.000000E+00  0.358432E+04
  0.629513E+01  0.338172E+04  0.336462E+04  0.000000E+00  0.000000E+00  0.000000E+00  0.337881E+04
  0.650850E+01  0.318765E+04  0.317153E+04  0.000000E+00  0.000000E+00  0.000000E+00  0.318491E+04
  0.672911E+01  0.300457E+04  0.298937E+04  0.000000E+00  0.000000E+00  0.000000E+00  0.300198E+04
  0.695719E+01  0.283186E+04  0.281753E+04  0.000000E+00  0.000000E+00  0.000000E+00  0.282942E+04
  0.719301E+01  0.266894E+04  0.265542E+04  0.000000E+00  0.000000E+00  0.000000E+00  0.266663E+04
  0.743682E+01  0.251525E+04  0.250251E+04  0.000000E+00  0.000000E+00  0.000000E+00  0.251308E+04
  0.768889E+01  0.237031E+04  0.235830E+04  0.000000E+00  0.000000E+00  0.000000E+00  0.236826E+04
  0.794951E+01  0.223361E+04  0.222228E+04  0.000000E+00  0.000000E+00  0.000000E+00  0.223168E+04
  0.821895E+01  0.210469E+04  0.209401E+04  0.000000E+00  0.000000E+00  0.000000E+00  0.210287E+04
  0.849754E+01  0.198311E+04  0.197304E+04  0.000000E+00  0.000000E+00  0.000000E+00  0.198139E+04
  0.878556E+01  0.186847E+04  0.185898E+04  0.000000E+00  0.000000E+00  0.000000E+00  0.186685E+04
  0.908335E+01  0.176037E+04  0.175143E+04  0.000000E+00  0.000000E+00  0.000000E+00  0.175885E+04
  0.939123E+01  0.165845E+04  0.165002E+04  0.000000E+00  0.000000E+00  0.000000E+00  0.165701E+04
  0.970955E+01  0.156235E+04  0.155440E+04  0.000000E+00  0.000000E+00  0.000000E+00  0.156100E+04
  0.100386E+02  0.147177E+04  0.146427E+04  0.000000E+00  0.000000E+00  0.000000E+00  0.147049E+04
  0.103789E+02  0.138637E+04  0.137930E+04  0.000000E+00  0.000000E+00  0.000000E+00  0.138516E+04
  0.107307E+02  0.130586E+04  0.129920E+04  0.000000E+00  0.000000E+00  0.000000E+00  0.130473E+04
  0.110944E+02  0.122998E+04  0.122370E+04  0.000000E+00  0.000000E+00  0.000000E+00  0.122891E+04
  0.114705E+02  0.115846E+04  0.115254E+04  0.000000E+00  0.000000E+00  0.000000E+00  0.115745E+04
  0.118593E+02  0.109104E+04  0.108546E+04  0.000000E+00  0.000000E+00  0.000000E+00  0.109009E+04
  0.122612E+02  0.102751E+04  0.102224E+04  0.000000E+00  0.000000E+00  0.000000E+00  0.102661E+04
  0.126768E+02  0.967635E+03  0.962673E+03  0.000000E+00  0.000000E+00  0.000000E+00  0.966790E+03
  0.131065E+02  0.911210E+03  0.906531E+03  0.000000E+00  0.000000E+00  0.000000E+00  0.910413E+03
  0.135508E+02  0.858041E+03  0.853630E+03  0.000000E+00  0.000000E+00  0.000000E+00  0.857290E+03
  0.140101E+02  0.807943E+03  0.803783E+03  0.000000E+00  0.000000E+00  0.000000E+00  0.807234E+03
  0.144849E+02  0.760738E+03  0.756815E+03  0.000000E+00  0.000000E+00  0.000000E+00  0.760070E+03
  0.149759E+02  0.716261E+03  0.712561E+03  0.000000E+00  0.000000E+00  0.000000E+00  0.715631E+03
  0.154835E+02  0.674360E+03  0.670871E+03  0.000000E+00  0.000000E+00  0.000000E+00  0.673766E+03
  0.160083E+02  0.634883E+03  0.631591E+03  0.000000E+00  0.000000E+00  0.000000E+00  0.634322E+03
  0.165509E+02  0.597695E+03  0.594590E+03  0.000000E+00  0.000000E+00  0.000000E+00  0.597166E+03
  0.171119E+02  0.562664E+03  0.559734E+03  0.000000E+00  0.000000E+00  0.000000E+00  0.562165E+03
  0.176919E+02  0.529664E+03  0.526900E+03  0.000000E+00  0.000000E+00  0.000000E+00  0.529194E+03
  0.182916E+02  0.498582E+03  0.495974E+03  0.000000E+00  0.000000E+00  0.000000E+00  0.498138E+03
  0.189116E+02  0.469307E+03  0.466845E+03  0.000000E+00  0.000000E+00  0.000000E+00  0.468887E+03
  0.195526E+02  0.441732E+03  0.439409E+03  0.000000E+00  0.000000E+00  0.000000E+00  0.441336E+03
  0.202154E+02  0.415764E+03  0.413570E+03  0.000000E+00  0.000000E+00  0.000000E+00  0.415390E+03
  0.209006E+02  0.391307E+03  0.389236E+03  0.000000E+00  0.000000E+00  0.000000E+00  0.390954E+03
  0.216090E+02  0.368276E+03  0.366320E+03  0.000000E+00  0.000000E+00  0.000000E+00  0.367943E+03
  0.223414E+02  0.346588E+03  0.344740E+03  0.000000E+00  0.000000E+00  0.000000E+00  0.346273E+03
  0.230987E+02  0.326164E+03  0.324419E+03  0.000000E+00  0.000000E+00  0.000000E+00  0.325867E+03
  0.238816E+02  0.306935E+03  0.305286E+03  0.000000E+00  0.000000E+00  0.000000E+00  0.306654E+03
  0.246911E+02  0.288826E+03  0.287268E+03  0.000000E+00  0.000000E+00  0.000000E+00  0.288561E+03
  0.255280E+02  0.271779E+03  0.270306E+03  0.000000E+00  0.000000E+00  0.000000E+00  0.271528E+03
  0.263933E+02  0.255727E+03  0.254334E+03  0.000000E+00  0.000000E+00  0.000000E+00  0.255490E+03
  0.272879E+02  0.240616E+03  0.239299E+03  0.000000E+00  0.000000E+00  0.000000E+00  0.240392E+03
  0.282128E+02  0.226390E+03  0.225143E+03  0.000000E+00  0.000000E+00  0.000000E+00  0.226177E+03
  0.291691E+02  0.212998E+03  0.211818E+03  0.000000E+00  0.000000E+00  0.000000E+00  0.212797E+03
  0.301578E+02  0.200390E+03  0.199273E+03  0.000000E+00  0.000000E+00  0.000000E+00  0.200200E+03
  0.311800E+02  0.188523E+03  0.187465E+03  0.000000E+00  0.000000E+00  0.000000E+00  0.188343E+03
  0.322368E+02  0.177352E+03  0.176350E+03  0.000000E+00  0.000000E+00  0.000000E+00  0.177181E+03
  0.333295E+02  0.166838E+03  0.165887E+03  0.000000E+00  0.000000E+00  0.000000E+00  0.166676E+03
  0.344592E+02  0.156941E+03  0.156040E+03  0.000000E+00  0.000000E+00  0.000000E+00  0.156788E+03
  0.356272E+02  0.147627E+03  0.146772E+03  0.000000E+00  0.000000E+00  0.000000E+00  0.147481E+03
  0.368348E+02  0.138860E+03  0.138049E+03  0.000000E+00  0.000000E+00  0.000000E+00  0.138722E+03
  0.380833E+02  0.130610E+03  0.129840E+03  0.000000E+00  0.000000E+00  0.000000E+00  0.130479E+03
  0.393741E+02  0.122846E+03  0.122114E+03  0.000000E+00  0.000000E+00  0.000000E+00  0.122721E+03
  0.407088E+02  0.115539E+03  0.114843E+03  0.000000E+00  0.000000E+00  0.000000E+00  0.115421E+03
  0.420886E+02  0.108664E+03  0.108002E+03  0.000000E+00  0.000000E+00  0.000000E+00  0.108551E+03
  0.435152E+02  0.102193E+03  0.101563E+03  0.000000E+00  0.000000E+00  0.000000E+00  0.102086E+03
  0.449901E+02  0.961052E+02  0.955055E+02  0.000000E+00  0.000000E+00  0.000000E+00  0.960030E+02
  0.465151E+02  0.903765E+02  0.898050E+02  0.000000E+00  0.000000E+00  0.000000E+00  0.902792E+02
  0.480917E+02  0.849863E+02  0.844413E+02  0.000000E+00  0.000000E+00  0.000000E+00  0.848934E+02
  0.497218E+02  0.799148E+02  0.793948E+02  0.000000E+00  0.000000E+00  0.000000E+00  0.798262E+02
  0.514071E+02  0.751434E+02  0.746468E+02  0.000000E+00  0.000000E+00  0.000000E+00  0.750588E+02
  0.531495E+02  0.706542E+02  0.701797E+02  0.000000E+00  0.000000E+00  0.000000E+00  0.705734E+02
  0.549511E+02  0.664308E+02  0.659769E+02  0.000000E+00  0.000000E+00  0.000000E+00  0.663535E+02
  0.568136E+02  0.624578E+02  0.620233E+02  0.000000E+00  0.000000E+00  0.000000E+00  0.623837E+02
  0.587394E+02  0.587200E+02  0.583037E+02  0.000000E+00  0.000000E+00  0.000000E+00  0.586491E+02
  0.607303E+02  0.552040E+02  0.548049E+02  0.000000E+00  0.000000E+00  0.000000E+00  0.551360E+02
  0.627888E+02  0.518964E+02  0.515134E+02  0.000000E+00  0.000000E+00  0.000000E+00  0.518312E+02
  0.649170E+02  0.487852E+02  0.484173E+02  0.000000E+00  0.000000E+00  0.000000E+00  0.487225E+02
  0.671174E+02  0.458586E+02  0.455049E+02  0.000000E+00  0.000000E+00  0.000000E+00  0.457984E+02
  0.693923E+02  0.431060E+02  0.427656E+02  0.000000E+00  0.000000E+00  0.000000E+00  0.430480E+02
  0.717444E+02  0.405169E+02  0.401889E+02  0.000000E+00  0.000000E+00  0.000000E+00  0.404610E+02
  0.741761E+02  0.380817E+02  0.377655E+02  0.000000E+00  0.000000E+00  0.000000E+00  0.380278E+02
  0.766904E+02  0.357913E+02  0.354861E+02  0.000000E+00  0.000000E+00  0.000000E+00  0.357393E+02
  0.792898E+02  0.336372E+02  0.333424E+02  0.000000E+00  0.000000E+00  0.000000E+00  0.335870E+02
  0.819773E+02  0.316114E+02  0.313262E+02  0.000000E+00  0.000000E+00  0.000000E+00  0.315628E+02
  0.847559E+02  0.297062E+02  0.294301E+02  0.000000E+00  0.000000E+00  0.000000E+00  0.296591E+02
  0.876288E+02  0.279144E+02  0.276469E+02  0.000000E+00  0.000000E+00  0.000000E+00  0.278689E+02
  0.905989E+02  0.262295E+02  0.259701E+02  0.000000E+00  0.000000E+00  0.000000E+00  0.261853E+02
  0.936699E+02  0.246450E+02  0.243930E+02  0.000000E+00  0.000000E+00  0.000000E+00  0.246021E+02
  0.968448E+02  0.231550E+02  0.229101E+02  0.000000E+00  0.000000E+00  0.000000E+00  0.231133E+02
  0.100127E+03  0.217540E+02  0.215157E+02  0.000000E+00  0.000000E+00  0.000000E+00  0.217134E+02
  0.103521E+03  0.204366E+02  0.202046E+02  0.000000E+00  0.000000E+00  0.000000E+00  0.203971E+02
  0.107030E+03  0.191979E+02  0.189716E+02  0.000000E+00  0.000000E+00  0.000000E+00  0.191593E+02
  0.110658E+03  0.180332E+02  0.178124E+02  0.000000E+00  0.000000E+00  0.000000E+00  0.179956E+02
  0.114409E+03  0.169381E+02  0.167225E+02  0.000000E+00  0.000000E+00  0.000000E+00  0.169014E+02
  0.118286E+03  0.159085E+02  0.156977E+02  0.000000E+00  0.000000E+00  0.000000E+00  0.158726E+02
  0.122296E+03  0.149405E+02  0.147342E+02  0.000000E+00  0.000000E+00  0.000000E+00  0.149053E+02
  0.126441E+03  0.140304E+02  0.138284E+02  0.000000E+00  0.000000E+00  0.000000E+00  0.139960E+02
  0.130727E+03  0.131748E+02  0.129769E+02  0.000000E+00  0.000000E+00  0.000000E+00  0.131411E+02
  0.135158E+03  0.123705E+02  0.121763E+02  0.000000E+00  0.000000E+00  0.000000E+00  0.123374E+02
  0.139739E+03  0.116143E+02  0.114237E+02  0.000000E+00  0.000000E+00  0.000000E+00  0.115818E+02
  0.144475E+03  0.109035E+02  0.107163E+02  0.000000E+00  0.000000E+00  0.000000E+00  0.108716E+02
  0.149372E+03  0.102353E+02  0.100513E+02  0.000000E+00  0.000000E+00  0.000000E+00  0.102040E+02
  0.154436E+03  0.960722E+01  0.942622E+01  0.000000E+00  0.000000E+00  0.000000E+00  0.957638E+01
  0.159670E+03  0.901685E+01  0.883871E+01  0.000000E+00  0.000000E+00  0.000000E+00  0.898650E+01
  0.165082E+03  0.846194E+01  0.828651E+01  0.000000E+00  0.000000E+00  0.000000E+00  0.843205E+01
  0.170677E+03  0.794038E+01  0.776754E+01  0.000000E+00  0.000000E+00  0.000000E+00  0.791093E+01
  0.176463E+03  0.745015E+01  0.727978E+01  0.000000E+00  0.000000E+00  0.000000E+00  0.742113E+01
  0.182444E+03  0.698945E+01  0.682142E+01  0.000000E+00  0.000000E+00  0.000000E+00  0.696082E+01
  0.188628E+03  0.655647E+01  0.639071E+01  0.000000E+00  0.000000E+00  0.000000E+00  0.652823E+01
  0.195021E+03  0.614958E+01  0.598599E+01  0.000000E+00  0.000000E+00  0.000000E+00  0.612171E+01
  0.201632E+03  0.576719E+01  0.560571E+01  0.000000E+00  0.000000E+00  0.000000E+00  0.573968E+01
  0.208466E+03  0.540791E+01  0.524847E+01  0.000000E+00  0.000000E+00  0.000000E+00  0.538075E+01
  0.215532E+03  0.507031E+01  0.491285E+01  0.000000E+00  0.000000E+00  0.000000E+00  0.504349E+01
  0.222837E+03  0.475313E+01  0.459759E+01  0.000000E+00  0.000000E+00  0.000000E+00  0.472663E+01
  0.230391E+03  0.445511E+01  0.430147E+01  0.000000E+00  0.000000E+00  0.000000E+00  0.442893E+01
  0.238200E+03  0.417515E+01  0.402338E+01  0.000000E+00  0.000000E+00  0.000000E+00  0.414929E+01
  0.246273E+03  0.391217E+01  0.376224E+01  0.000000E+00  0.000000E+00  0.000000E+00  0.388662E+01
  0.254621E+03  0.366513E+01  0.351704E+01  0.000000E+00  0.000000E+00  0.000000E+00  0.363990E+01
  0.263252E+03  0.343313E+01  0.328686E+01  0.000000E+00  0.000000E+00  0.000000E+00  0.340821E+01
  0.272174E+03  0.321524E+01  0.307080E+01  0.000000E+00  0.000000E+00  0.000000E+00  0.319063E+01
  0.281400E+03  0.301064E+01  0.286803E+01  0.000000E+00  0.000000E+00  0.000000E+00  0.298634E+01
  0.290938E+03  0.281852E+01  0.267777E+01  0.000000E+00  0.000000E+00  0.000000E+00  0.279454E+01
  0.300799E+03  0.263817E+01  0.249929E+01  0.000000E+00  0.000000E+00  0.000000E+00  0.261451E+01
  0.310995E+03  0.246888E+01  0.233189E+01  0.000000E+00  0.000000E+00  0.000000E+00  0.244554E+01
  0.321536E+03  0.230999E+01  0.217493E+01  0.000000E+00  0.000000E+00  0.000000E+00  0.228698E+01
  0.332435E+03  0.216088E+01  0.202779E+01  0.000000E+00  0.000000E+00  0.000000E+00  0.213821E+01
  0.343702E+03  0.202099E+01  0.188990E+01  0.000000E+00  0.000000E+00  0.000000E+00  0.199866E+01
  0.355352E+03  0.188977E+01  0.176072E+01  0.000000E+00  0.000000E+00  0.000000E+00  0.186778E+01
  0.367397E+03  0.176670E+01  0.163974E+01  0.000000E+00  0.000000E+00  0.000000E+00  0.174507E+01
  0.379850E+03  0.165129E+01  0.152648E+01  0.000000E+00  0.000000E+00  0.000000E+00  0.163003E+01
  0.392725E+03  0.154311E+01  0.142049E+01  0.000000E+00  0.000000E+00  0.000000E+00  0.152222E+01
  0.406036E+03  0.144173E+01  0.132134E+01  0.000000E+00  0.000000E+00  0.000000E+00  0.142122E+01
  0.419799E+03  0.134674E+01  0.122864E+01  0.000000E+00  0.000000E+00  0.000000E+00  0.132662E+01
  0.434028E+03  0.125776E+01  0.114201E+01  0.000000E+00  0.000000E+00  0.000000E+00  0.123804E+01
  0.448740E+03  0.117445E+01  0.106109E+01  0.000000E+00  0.000000E+00  0.000000E+00  0.115514E+01
  0.463949E+03  0.109647E+01  0.985533E+00  0.000000E+00  0.000000E+00  0.000000E+00  0.107757E+01
  0.479676E+03  0.102349E+01  0.915026E+00  0.000000E+00  0.000000E+00  0.000000E+00  0.100501E+01
  0.495934E+03  0.955227E+00  0.849271E+00  0.000000E+00  0.000000E+00  0.000000E+00  0.937175E+00
  0.512744E+03  0.891395E+00  0.787978E+00  0.000000E+00  0.000000E+00  0.000000E+00  0.873776E+00
  0.530123E+03  0.831728E+00  0.730875E+00  0.000000E+00  0.000000E+00  0.000000E+00  0.814546E+00
  0.548092E+03  0.775971E+00  0.677701E+00  0.000000E+00  0.000000E+00  0.000000E+00  0.759229E+00
  0.566670E+03  0.723892E+00  0.628215E+00  0.000000E+00  0.000000E+00  0.000000E+00  0.707591E+00
  0.585877E+03  0.675264E+00  0.582182E+00  0.000000E+00  0.000000E+00  0.000000E+00  0.659405E+00
  0.605735E+03  0.629872E+00  0.539382E+00  0.000000E+00  0.000000E+00  0.000000E+00  0.614456E+00
  0.626267E+03  0.587514E+00  0.499602E+00  0.000000E+00  0.000000E+00  0.000000E+00  0.572537E+00
  0.647494E+03  0.548002E+00  0.462646E+00  0.000000E+00  0.000000E+00  0.000000E+00  0.533460E+00
  0.669441E+03  0.511153E+00  0.428323E+00  0.000000E+00  0.000000E+00  0.000000E+00  0.497041E+00
  0.692132E+03  0.476792E+00  0.396454E+00  0.000000E+00  0.000000E+00  0.000000E+00  0.463105E+00
  0.715592E+03  0.444761E+00  0.366871E+00  0.000000E+00  0.000000E+00  0.000000E+00  0.431491E+00
  0.739846E+03  0.414904E+00  0.339414E+00  0.000000E+00  0.000000E+00  0.000000E+00  0.402043E+00
  0.764923E+03  0.387076E+00  0.313933E+00  0.000000E+00  0.000000E+00  0.000000E+00  0.374614E+00
  0.790852E+03  0.361136E+00  0.290287E+00  0.000000E+00  0.000000E+00  0.000000E+00  0.349066E+00
  0.817657E+03  0.336963E+00  0.268350E+00  0.000000E+00  0.000000E+00  0.000000E+00  0.325273E+00
  0.845371E+03  0.314430E+00  0.247996E+00  0.000000E+00  0.000000E+00  0.000000E+00  0.303112E+00
  0.874025E+03  0.293426E+00  0.229116E+00  0.000000E+00  0.000000E+00  0.000000E+00  0.282470E+00
  0.903651E+03  0.273843E+00  0.211603E+00  0.000000E+00  0.000000E+00  0.000000E+00  0.263239E+00
  0.934280E+03  0.255585E+00  0.195363E+00  0.000000E+00  0.000000E+00  0.000000E+00  0.245325E+00
  0.965947E+03  0.238560E+00  0.180309E+00  0.000000E+00  0.000000E+00  0.000000E+00  0.228636E+00
  0.998688E+03  0.222682E+00  0.166357E+00  0.000000E+00  0.000000E+00  0.000000E+00  0.213086E+00
  0.103254E+04  0.207872E+00  0.153432E+00  0.000000E+00  0.000000E+00  0.000000E+00  0.198597E+00
  0.106754E+04  0.194060E+00  0.141466E+00  0.000000E+00  0.000000E+00  0.000000E+00  0.185100E+00
  0.110372E+04  0.181178E+00  0.130390E+00  0.000000E+00  0.000000E+00  0.000000E+00  0.172525E+00
  0.114113E+04  0.169161E+00  0.120142E+00  0.000000E+00  0.000000E+00  0.000000E+00  0.160810E+00
  0.117981E+04  0.157955E+00  0.110666E+00  0.000000E+00  0.000000E+00  0.000000E+00  0.149898E+00
  0.121980E+04  0.147503E+00  0.101904E+00  0.000000E+00  0.000000E+00  0.000000E+00  0.139734E+00
  0.126115E+04  0.137756E+00  0.938055E-01  0.000000E+00  0.000000E+00  0.000000E+00  0.130268E+00
  0.130389E+04  0.128665E+00  0.863193E-01  0.000000E+00  0.000000E+00  0.000000E+00  0.121451E+00
  0.134809E+04  0.120187E+00  0.794009E-01  0.000000E+00  0.000000E+00  0.000000E+00  0.113238E+00
  0.139378E+04  0.112279E+00  0.730075E-01  0.000000E+00  0.000000E+00  0.000000E+00  0.105588E+00
  0.144102E+04  0.104901E+00  0.671002E-01  0.000000E+00  0.000000E+00  0.000000E+00  0.984609E-01
  0.148987E+04  0.980174E-01  0.616436E-01  0.000000E+00  0.000000E+00  0.000000E+00  0.918204E-01
  0.154037E+04  0.915938E-01  0.566059E-01  0.000000E+00  0.000000E+00  0.000000E+00  0.856329E-01
  0.159258E+04  0.855988E-01  0.519578E-01  0.000000E+00  0.000000E+00  0.000000E+00  0.798674E-01
  0.164656E+04  0.800033E-01  0.476718E-01  0.000000E+00  0.000000E+00  0.000000E+00  0.744950E-01
  0.170237E+04  0.747798E-01  0.437216E-01  0.000000E+00  0.000000E+00  0.000000E+00  0.694884E-01
  0.176007E+04  0.699040E-01  0.400827E-01  0.000000E+00  0.000000E+00  0.000000E+00  0.648234E-01
  0.181973E+04  0.653526E-01  0.367313E-01  0.000000E+00  0.000000E+00  0.000000E+00  0.604764E-01
  0.188141E+04  0.611033E-01  0.336447E-01  0.000000E+00  0.000000E+00  0.000000E+00  0.564252E-01
  0.194518E+04  0.571362E-01  0.308025E-01  0.000000E+00  0.000000E+00  0.000000E+00  0.526497E-01
  0.201111E+04  0.534319E-01  0.281859E-01  0.000000E+00  0.000000E+00  0.000000E+00  0.491307E-01
  0.207928E+04  0.499723E-01  0.257781E-01  0.000000E+00  0.000000E+00  0.000000E+00  0.458503E-01
  0.214976E+04  0.467407E-01  0.235642E-01  0.000000E+00  0.000000E+00  0.000000E+00  0.427921E-01
  0.222262E+04  0.437220E-01  0.215304E-01  0.000000E+00  0.000000E+00  0.000000E+00  0.399412E-01
  0.229796E+04  0.409020E-01  0.196630E-01  0.000000E+00  0.000000E+00  0.000000E+00  0.372835E-01
  0.237585E+04  0.382672E-01  0.179490E-01  0.000000E+00  0.000000E+00  0.000000E+00  0.348056E-01
  0.245638E+04  0.358053E-01  0.163758E-01  0.000000E+00  0.000000E+00  0.000000E+00  0.324951E-01
  0.253964E+04  0.335049E-01  0.149322E-01  0.000000E+00  0.000000E+00  0.000000E+00  0.303406E-01
  0.262572E+04  0.313550E-01  0.136082E-01  0.000000E+00  0.000000E+00  0.000000E+00  0.283315E-01
  0.271471E+04  0.293454E-01  0.123948E-01  0.000000E+00  0.000000E+00  0.000000E+00  0.264575E-01
  0.280673E+04  0.274668E-01  0.112838E-01  0.000000E+00  0.000000E+00  0.000000E+00  0.247097E-01
  0.290187E+04  0.257105E-01  0.102672E-01  0.000000E+00  0.000000E+00  0.000000E+00  0.230794E-01
  0.300022E+04  0.240686E-01  0.933708E-02  0.000000E+00  0.000000E+00  0.000000E+00  0.215588E-01
  0.310192E+04  0.225330E-01  0.848613E-02  0.000000E+00  0.000000E+00  0.000000E+00  0.201399E-01
  0.320706E+04  0.210973E-01  0.770824E-02  0.000000E+00  0.000000E+00  0.000000E+00  0.188162E-01
  0.331576E+04  0.197544E-01  0.699781E-02  0.000000E+00  0.000000E+00  0.000000E+00  0.175811E-01
  0.342815E+04  0.184983E-01  0.634950E-02  0.000000E+00  0.000000E+00  0.000000E+00  0.164285E-01
  0.354435E+04  0.173233E-01  0.575800E-02  0.000000E+00  0.000000E+00  0.000000E+00  0.153529E-01
  0.366448E+04  0.162241E-01  0.521845E-02  0.000000E+00  0.000000E+00  0.000000E+00  0.143491E-01
  0.378869E+04  0.151957E-01  0.472664E-02  0.000000E+00  0.000000E+00  0.000000E+00  0.134121E-01
  0.391711E+04  0.142334E-01  0.427884E-02  0.000000E+00  0.000000E+00  0.000000E+00  0.125375E-01
  0.404988E+04  0.133329E-01  0.387132E-02  0.000000E+00  0.000000E+00  0.000000E+00  0.117209E-01
  0.418715E+04  0.124902E-01  0.350053E-02  0.000000E+00  0.000000E+00  0.000000E+00  0.109586E-01
  0.432907E+04  0.117014E-01  0.316335E-02  0.000000E+00  0.000000E+00  0.000000E+00  0.102468E-01
  0.447581E+04  0.109631E-01  0.285706E-02  0.000000E+00  0.000000E+00  0.000000E+00  0.958210E-02
  0.462752E+04  0.102720E-01  0.257898E-02  0.000000E+00  0.000000E+00  0.000000E+00  0.896132E-02
  0.478437E+04  0.962497E-02  0.232658E-02  0.000000E+00  0.000000E+00  0.000000E+00  0.838154E-02
  0.494653E+04  0.901920E-02  0.209766E-02  0.000000E+00  0.000000E+00  0.000000E+00  0.783997E-02
  0.511420E+04  0.845194E-02  0.189023E-02  0.000000E+00  0.000000E+00  0.000000E+00  0.733402E-02
  0.528755E+04  0.792080E-02  0.170233E-02  0.000000E+00  0.000000E+00  0.000000E+00  0.686136E-02
  0.546677E+04  0.742338E-02  0.153221E-02  0.000000E+00  0.000000E+00  0.000000E+00  0.641970E-02
  0.565206E+04  0.695753E-02  0.137836E-02  0.000000E+00  0.000000E+00  0.000000E+00  0.600700E-02
  0.584365E+04  0.652118E-02  0.123924E-02  0.000000E+00  0.000000E+00  0.000000E+00  0.562129E-02
  0.604171E+04  0.611248E-02  0.111354E-02  0.000000E+00  0.000000E+00  0.000000E+00  0.526081E-02
  0.624650E+04  0.572960E-02  0.100005E-02  0.000000E+00  0.000000E+00  0.000000E+00  0.492383E-02
  0.645822E+04  0.537094E-02  0.897633E-03  0.000000E+00  0.000000E+00  0.000000E+00  0.460882E-02
  0.667713E+04  0.503490E-02  0.805267E-03  0.000000E+00  0.000000E+00  0.000000E+00  0.431430E-02
  0.690345E+04  0.472006E-02  0.722024E-03  0.000000E+00  0.000000E+00  0.000000E+00  0.403892E-02
  0.713744E+04  0.442507E-02  0.647040E-03  0.000000E+00  0.000000E+00  0.000000E+00  0.378140E-02
  0.737936E+04  0.414865E-02  0.579546E-03  0.000000E+00  0.000000E+00  0.000000E+00  0.354058E-02
  0.762949E+04  0.388959E-02  0.518814E-03  0.000000E+00  0.000000E+00  0.000000E+00  0.331531E-02
  0.788809E+04  0.364684E-02  0.464219E-03  0.000000E+00  0.000000E+00  0.000000E+00  0.310462E-02
  0.815546E+04  0.341933E-02  0.415156E-03  0.000000E+00  0.000000E+00  0.000000E+00  0.290751E-02
  0.843190E+04  0.320609E-02  0.371094E-03  0.000000E+00  0.000000E+00  0.000000E+00  0.272309E-02
  0.871769E+04  0.300623E-02  0.331547E-03  0.000000E+00  0.000000E+00  0.000000E+00  0.255055E-02
  0.901318E+04  0.281890E-02  0.296074E-03  0.000000E+00  0.000000E+00  0.000000E+00  0.238909E-02
  0.931867E+04  0.264330E-02  0.264269E-03  0.000000E+00  0.000000E+00  0.000000E+00  0.223798E-02
  0.963454E+04  0.247868E-02  0.235771E-03  0.000000E+00  0.000000E+00  0.000000E+00  0.209655E-02
  0.996110E+04  0.232436E-02  0.210250E-03  0.000000E+00  0.000000E+00  0.000000E+00  0.196418E-02
  0.102987E+05  0.217970E-02  0.187408E-03  0.000000E+00  0.000000E+00  0.000000E+00  0.184027E-02
  0.106478E+05  0.204406E-02  0.166973E-03  0.000000E+00  0.000000E+00  0.000000E+00  0.172426E-02
  0.110087E+05  0.191690E-02  0.148701E-03  0.000000E+00  0.000000E+00  0.000000E+00  0.161565E-02
  0.113819E+05  0.179768E-02  0.132373E-03  0.000000E+00  0.000000E+00  0.000000E+00  0.151396E-02
  0.117676E+05  0.168590E-02  0.117789E-03  0.000000E+00  0.000000E+00  0.000000E+00  0.141874E-02
  0.121665E+05  0.158108E-02  0.104768E-03  0.000000E+00  0.000000E+00  0.000000E+00  0.132956E-02
  0.125789E+05  0.148280E-02  0.931488E-04  0.000000E+00  0.000000E+00  0.000000E+00  0.124604E-02
  0.130053E+05  0.139064E-02  0.827859E-04  0.000000E+00  0.000000E+00  0.000000E+00  0.116782E-02
  0.134461E+05  0.130423E-02  0.735478E-04  0.000000E+00  0.000000E+00  0.000000E+00  0.109456E-02
  0.139018E+05  0.122319E-02  0.653152E-04  0.000000E+00  0.000000E+00  0.000000E+00  0.102592E-02
  0.143730E+05  0.114720E-02  0.579830E-04  0.000000E+00  0.000000E+00  0.000000E+00  0.961629E-03
  0.148602E+05  0.107594E-02  0.514554E-04  0.000000E+00  0.000000E+00  0.000000E+00  0.901397E-03
  0.153639E+05  0.100911E-02  0.456463E-04  0.000000E+00  0.000000E+00  0.000000E+00  0.844966E-03
  0.158847E+05  0.946433E-03  0.404786E-04  0.000000E+00  0.000000E+00  0.000000E+00  0.792085E-03
  0.164231E+05  0.887658E-03  0.358841E-04  0.000000E+00  0.000000E+00  0.000000E+00  0.742541E-03
  0.169797E+05  0.832538E-03  0.318005E-04  0.000000E+00  0.000000E+00  0.000000E+00  0.696116E-03
  0.175553E+05  0.780842E-03  0.281724E-04  0.000000E+00  0.000000E+00  0.000000E+00  0.652609E-03
  0.181503E+05  0.732357E-03  0.249501E-04  0.000000E+00  0.000000E+00  0.000000E+00  0.611836E-03
  0.187655E+05  0.686886E-03  0.220897E-04  0.000000E+00  0.000000E+00  0.000000E+00  0.573625E-03
  0.194016E+05  0.644240E-03  0.195513E-04  0.000000E+00  0.000000E+00  0.000000E+00  0.537812E-03
  0.200592E+05  0.604243E-03  0.172994E-04  0.000000E+00  0.000000E+00  0.000000E+00  0.504245E-03
  0.207391E+05  0.566728E-03  0.153023E-04  0.000000E+00  0.000000E+00  0.000000E+00  0.472781E-03
  0.214421E+05  0.531545E-03  0.135321E-04  0.000000E+00  0.000000E+00  0.000000E+00  0.443291E-03
  0.221688E+05  0.498545E-03  0.119633E-04  0.000000E+00  0.000000E+00  0.000000E+00  0.415646E-03
  0.229203E+05  0.467592E-03  0.105734E-04  0.000000E+00  0.000000E+00  0.000000E+00  0.389730E-03
  0.236971E+05  0.438563E-03  0.934265E-05  0.000000E+00  0.000000E+00  0.000000E+00  0.365437E-03
  0.245004E+05  0.411335E-03  0.825300E-05  0.000000E+00  0.000000E+00  0.000000E+00  0.342662E-03
  0.253308E+05  0.385798E-03  0.728862E-05  0.000000E+00  0.000000E+00  0.000000E+00  0.321311E-03
  0.261894E+05  0.361844E-03  0.643530E-05  0.000000E+00  0.000000E+00  0.000000E+00  0.301293E-03
  0.270771E+05  0.339378E-03  0.568058E-05  0.000000E+00  0.000000E+00  0.000000E+00  0.282526E-03
  0.279949E+05  0.318306E-03  0.501319E-05  0.000000E+00  0.000000E+00  0.000000E+00  0.264930E-03
  0.289437E+05  0.298542E-03  0.442322E-05  0.000000E+00  0.000000E+00  0.000000E+00  0.248433E-03
  0.299248E+05  0.280004E-03  0.390178E-05  0.000000E+00  0.000000E+00  0.000000E+00  0.232964E-03
  0.309391E+05  0.262616E-03  0.344110E-05  0.000000E+00  0.000000E+00  0.000000E+00  0.218460E-03
