    0.10000E-03    0.42483E+03
    0.10202E-03    0.43311E+03
    0.10408E-03    0.44154E+03
    0.10618E-03    0.45014E+03
    0.10833E-03    0.45891E+03
    0.11052E-03    0.46785E+03
    0.11275E-03    0.47696E+03
    0.11503E-03    0.48625E+03
    0.11735E-03    0.49572E+03
    0.11972E-03    0.50537E+03
    0.12214E-03    0.51522E+03
    0.12461E-03    0.52525E+03
    0.12712E-03    0.53548E+03
    0.12969E-03    0.54591E+03
    0.13231E-03    0.55654E+03
    0.13499E-03    0.56737E+03
    0.13771E-03    0.57842E+03
    0.14049E-03    0.58968E+03
    0.14333E-03    0.60116E+03
    0.14623E-03    0.61287E+03
    0.14918E-03    0.62480E+03
    0.15220E-03    0.63696E+03
    0.15527E-03    0.64936E+03
    0.15841E-03    0.66200E+03
    0.16161E-03    0.67489E+03
    0.16487E-03    0.68802E+03
    0.16820E-03    0.70141E+03
    0.17160E-03    0.71506E+03
    0.17507E-03    0.72898E+03
    0.17860E-03    0.74317E+03
    0.18221E-03    0.75763E+03
    0.18589E-03    0.77237E+03
    0.18965E-03    0.78740E+03
    0.19348E-03    0.80271E+03
    0.19739E-03    0.81833E+03
    0.20138E-03    0.83425E+03
    0.20544E-03    0.85048E+03
    0.20959E-03    0.86702E+03
    0.21383E-03    0.88388E+03
    0.21815E-03    0.90107E+03
    0.22255E-03    0.91859E+03
    0.22705E-03    0.93645E+03
    0.23164E-03    0.95466E+03
    0.23632E-03    0.97322E+03
    0.24109E-03    0.99213E+03
    0.24596E-03    0.10114E+04
    0.25093E-03    0.10311E+04
    0.25600E-03    0.10511E+04
    0.26117E-03    0.10715E+04
    0.26645E-03    0.10923E+04
    0.27183E-03    0.11136E+04
    0.27732E-03    0.11352E+04
    0.28292E-03    0.11572E+04
    0.28864E-03    0.11797E+04
    0.29447E-03    0.12026E+04
    0.30042E-03    0.12260E+04
    0.30649E-03    0.12498E+04
    0.31268E-03    0.12740E+04
    0.31899E-03    0.12987E+04
    0.32544E-03    0.13239E+04
    0.33201E-03    0.13496E+04
    0.33872E-03    0.13758E+04
    0.34556E-03    0.14025E+04
    0.35254E-03    0.14296E+04
    0.35966E-03    0.14573E+04
    0.36693E-03    0.14856E+04
    0.37434E-03    0.15144E+04
    0.38190E-03    0.15437E+04
    0.38962E-03    0.15736E+04
    0.39749E-03    0.16041E+04
    0.40552E-03    0.16351E+04
    0.41371E-03    0.16667E+04
    0.42207E-03    0.16990E+04
    0.43060E-03    0.17318E+04
    0.43929E-03    0.17653E+04
    0.44817E-03    0.17994E+04
    0.45722E-03    0.18342E+04
    0.46646E-03    0.18697E+04
    0.47588E-03    0.19058E+04
    0.48550E-03    0.19425E+04
    0.49530E-03    0.19800E+04
    0.50531E-03    0.20182E+04
    0.51552E-03    0.20571E+04
    0.52593E-03    0.20968E+04
    0.53656E-03    0.21372E+04
    0.54739E-03    0.21784E+04
    0.55845E-03    0.22203E+04
    0.56973E-03    0.22630E+04
    0.58124E-03    0.23066E+04
    0.59299E-03    0.23509E+04
    0.60496E-03    0.23961E+04
    0.61719E-03    0.24421E+04
    0.62965E-03    0.24890E+04
    0.64237E-03    0.25368E+04
    0.65535E-03    0.25854E+04
    0.66859E-03    0.26350E+04
    0.68210E-03    0.26855E+04
    0.69588E-03    0.27369E+04
    0.70993E-03    0.27893E+04
    0.72427E-03    0.28426E+04
    0.73891E-03    0.28969E+04
    0.75383E-03    0.29523E+04
    0.76906E-03    0.30086E+04
    0.78460E-03    0.30660E+04
    0.80045E-03    0.31245E+04
    0.81662E-03    0.31840E+04
    0.83311E-03    0.32446E+04
    0.84994E-03    0.33063E+04
    0.86711E-03    0.33691E+04
    0.88463E-03    0.34331E+04
    0.90250E-03    0.34983E+04
    0.92073E-03    0.35646E+04
    0.93933E-03    0.36321E+04
    0.95831E-03    0.37008E+04
    0.97767E-03    0.37708E+04
    0.99742E-03    0.38420E+04
    0.10176E-02    0.39145E+04
    0.10381E-02    0.39883E+04
    0.10591E-02    0.40635E+04
    0.10805E-02    0.41399E+04
    0.11023E-02    0.42177E+04
    0.11246E-02    0.42969E+04
    0.11473E-02    0.43775E+04
    0.11705E-02    0.44595E+04
    0.11941E-02    0.45429E+04
    0.12182E-02    0.46278E+04
    0.12429E-02    0.47141E+04
    0.12680E-02    0.48020E+04
    0.12936E-02    0.48914E+04
    0.13197E-02    0.49823E+04
    0.13464E-02    0.50748E+04
    0.13736E-02    0.51688E+04
    0.14013E-02    0.52645E+04
    0.14296E-02    0.53618E+04
    0.14585E-02    0.54607E+04
    0.14880E-02    0.55613E+04
    0.15180E-02    0.56636E+04
    0.15487E-02    0.57675E+04
    0.15800E-02    0.58732E+04
    0.16119E-02    0.59807E+04
    0.16445E-02    0.60899E+04
    0.16777E-02    0.62009E+04
    0.17116E-02    0.63137E+04
    0.17462E-02    0.64284E+04
    0.17814E-02    0.65448E+04
    0.18174E-02    0.66632E+04
    0.18541E-02    0.67834E+04
    0.18916E-02    0.69056E+04
    0.19298E-02    0.70296E+04
    0.19688E-02    0.71556E+04
    0.20086E-02    0.72836E+04
    0.20491E-02    0.74135E+04
    0.20905E-02    0.75454E+04
    0.21328E-02    0.76793E+04
    0.21758E-02    0.78153E+04
    0.22198E-02    0.79533E+04
    0.22646E-02    0.80933E+04
    0.23104E-02    0.82354E+04
    0.23571E-02    0.83796E+04
    0.24047E-02    0.85259E+04
    0.24533E-02    0.86742E+04
    0.25028E-02    0.88247E+04
    0.25534E-02    0.89773E+04
    0.26050E-02    0.91321E+04
    0.26576E-02    0.92889E+04
    0.27113E-02    0.94480E+04
    0.27660E-02    0.96092E+04
    0.28219E-02    0.97725E+04
    0.28789E-02    0.99380E+04
    0.29371E-02    0.10106E+05
    0.29964E-02    0.10276E+05
    0.30569E-02    0.10448E+05
    0.31187E-02    0.10622E+05
    0.31817E-02    0.10798E+05
    0.32460E-02    0.10977E+05
    0.33115E-02    0.11157E+05
    0.33784E-02    0.11340E+05
    0.34467E-02    0.11525E+05
    0.35163E-02    0.11712E+05
    0.35874E-02    0.11901E+05
    0.36598E-02    0.12092E+05
    0.37338E-02    0.12286E+05
    0.38092E-02    0.12481E+05
    0.38861E-02    0.12679E+05
    0.39646E-02    0.12878E+05
    0.40447E-02    0.13079E+05
    0.41264E-02    0.13283E+05
    0.42098E-02    0.13488E+05
    0.42948E-02    0.13695E+05
    0.43816E-02    0.13905E+05
    0.44701E-02    0.14115E+05
    0.45604E-02    0.14328E+05
    0.46525E-02    0.14543E+05
    0.47465E-02    0.14759E+05
    0.48424E-02    0.14976E+05
    0.49402E-02    0.15196E+05
    0.50400E-02    0.15417E+05
    0.51419E-02    0.15639E+05
    0.52457E-02    0.15863E+05
    0.53517E-02    0.16088E+05
    0.54598E-02    0.16314E+05
    0.55701E-02    0.16542E+05
    0.56826E-02    0.16770E+05
    0.57974E-02    0.17000E+05
    0.59145E-02    0.17231E+05
    0.60340E-02    0.17462E+05
    0.61559E-02    0.17694E+05
    0.62803E-02    0.17927E+05
    0.64072E-02    0.18161E+05
    0.65366E-02    0.18395E+05
    0.66686E-02    0.18629E+05
    0.68033E-02    0.18863E+05
    0.69408E-02    0.19098E+05
    0.70810E-02    0.19332E+05
    0.72240E-02    0.19566E+05
    0.73700E-02    0.19800E+05
    0.75189E-02    0.20033E+05
    0.76708E-02    0.20266E+05
    0.78257E-02    0.20498E+05
    0.79838E-02    0.20729E+05
    0.81451E-02    0.20959E+05
    0.83096E-02    0.21187E+05
    0.84775E-02    0.21414E+05
    0.86488E-02    0.21640E+05
    0.88235E-02    0.21863E+05
    0.90017E-02    0.22085E+05
    0.91836E-02    0.22304E+05
    0.93691E-02    0.22520E+05
    0.95583E-02    0.22734E+05
    0.97514E-02    0.22945E+05
    0.99484E-02    0.23153E+05
    0.10149E-01    0.23358E+05
    0.10354E-01    0.23558E+05
    0.10564E-01    0.23755E+05
    0.10777E-01    0.23948E+05
    0.10995E-01    0.24136E+05
    0.11217E-01    0.24319E+05
    0.11443E-01    0.24498E+05
    0.11675E-01    0.24671E+05
    0.11910E-01    0.24839E+05
    0.12151E-01    0.25001E+05
    0.12397E-01    0.25156E+05
    0.12647E-01    0.25306E+05
    0.12902E-01    0.25448E+05
    0.13163E-01    0.25583E+05
    0.13429E-01    0.25711E+05
    0.13700E-01    0.25832E+05
    0.13977E-01    0.25944E+05
    0.14259E-01    0.26048E+05
    0.14547E-01    0.26143E+05
    0.14841E-01    0.26230E+05
    0.15141E-01    0.26307E+05
    0.15447E-01    0.26374E+05
    0.15759E-01    0.26432E+05
    0.16077E-01    0.26479E+05
    0.16402E-01    0.26516E+05
    0.16734E-01    0.26542E+05
    0.17072E-01    0.26557E+05
    0.17416E-01    0.26561E+05
    0.17768E-01    0.26553E+05
    0.18127E-01    0.26533E+05
    0.18493E-01    0.26501E+05
    0.18867E-01    0.26457E+05
    0.19248E-01    0.26401E+05
    0.19637E-01    0.26332E+05
    0.20034E-01    0.26250E+05
    0.20438E-01    0.26155E+05
    0.20851E-01    0.26048E+05
    0.21272E-01    0.25927E+05
    0.21702E-01    0.25793E+05
    0.22141E-01    0.25647E+05
    0.22588E-01    0.25487E+05
    0.23044E-01    0.25315E+05
    0.23510E-01    0.25130E+05
    0.23985E-01    0.24933E+05
    0.24469E-01    0.24723E+05
    0.24964E-01    0.24501E+05
    0.25468E-01    0.24268E+05
    0.25982E-01    0.24024E+05
    0.26507E-01    0.23768E+05
    0.27043E-01    0.23502E+05
    0.27589E-01    0.23227E+05
    0.28146E-01    0.22942E+05
    0.28715E-01    0.22649E+05
    0.29295E-01    0.22348E+05
    0.29887E-01    0.22039E+05
    0.30490E-01    0.21724E+05
    0.31106E-01    0.21404E+05
    0.31735E-01    0.21079E+05
    0.32376E-01    0.20750E+05
    0.33030E-01    0.20418E+05
    0.33697E-01    0.20085E+05
    0.34378E-01    0.19750E+05
    0.35072E-01    0.19415E+05
    0.35781E-01    0.19082E+05
    0.36504E-01    0.18750E+05
    0.37241E-01    0.18421E+05
    0.37993E-01    0.18096E+05
    0.38761E-01    0.17776E+05
    0.39544E-01    0.17462E+05
    0.40343E-01    0.17154E+05
    0.41158E-01    0.16853E+05
    0.41989E-01    0.16560E+05
    0.42838E-01    0.16276E+05
    0.43703E-01    0.16001E+05
    0.44586E-01    0.15736E+05
    0.45486E-01    0.15480E+05
    0.46405E-01    0.15235E+05
    0.47343E-01    0.14999E+05
    0.48299E-01    0.14774E+05
    0.49275E-01    0.14559E+05
    0.50270E-01    0.14353E+05
    0.51286E-01    0.14155E+05
    0.52322E-01    0.13967E+05
    0.53379E-01    0.13785E+05
    0.54457E-01    0.13610E+05
    0.55557E-01    0.13440E+05
    0.56680E-01    0.13274E+05
    0.57825E-01    0.13110E+05
    0.58993E-01    0.12948E+05
    0.60184E-01    0.12784E+05
    0.61400E-01    0.12618E+05
    0.62641E-01    0.12448E+05
    0.63906E-01    0.12271E+05
    0.65197E-01    0.12087E+05
    0.66514E-01    0.11895E+05
    0.67858E-01    0.11691E+05
    0.69229E-01    0.11477E+05
    0.70627E-01    0.11250E+05
    0.72054E-01    0.11010E+05
    0.73510E-01    0.10758E+05
    0.74994E-01    0.10494E+05
    0.76509E-01    0.10218E+05
    0.78055E-01    0.99322E+04
    0.79632E-01    0.96383E+04
    0.81241E-01    0.93384E+04
    0.82882E-01    0.90349E+04
    0.84556E-01    0.87308E+04
    0.86264E-01    0.84289E+04
    0.88007E-01    0.81324E+04
    0.89785E-01    0.78443E+04
    0.91598E-01    0.75675E+04
    0.93449E-01    0.73046E+04
    0.95337E-01    0.70578E+04
    0.97263E-01    0.68288E+04
    0.99227E-01    0.66189E+04
    0.10123E+00    0.64285E+04
    0.10328E+00    0.62575E+04
    0.10536E+00    0.61051E+04
    0.10749E+00    0.59697E+04
    0.10966E+00    0.58490E+04
    0.11188E+00    0.57401E+04
    0.11414E+00    0.56396E+04
    0.11644E+00    0.55438E+04
    0.11880E+00    0.54486E+04
    0.12120E+00    0.53500E+04
    0.12365E+00    0.52446E+04
    0.12614E+00    0.51292E+04
    0.12869E+00    0.50019E+04
    0.13129E+00    0.48614E+04
    0.13394E+00    0.47082E+04
    0.13665E+00    0.45437E+04
    0.13941E+00    0.43707E+04
    0.14223E+00    0.41929E+04
    0.14510E+00    0.40146E+04
    0.14803E+00    0.38404E+04
    0.15102E+00    0.36747E+04
    0.15407E+00    0.35212E+04
    0.15718E+00    0.33827E+04
    0.16036E+00    0.32609E+04
    0.16360E+00    0.31557E+04
    0.16690E+00    0.30660E+04
    0.17028E+00    0.29893E+04
    0.17371E+00    0.29218E+04
    0.17722E+00    0.28593E+04
    0.18080E+00    0.27972E+04
    0.18446E+00    0.27312E+04
    0.18818E+00    0.26581E+04
    0.19198E+00    0.25760E+04
    0.19586E+00    0.24850E+04
    0.19982E+00    0.23867E+04
    0.20386E+00    0.22843E+04
    0.20797E+00    0.21818E+04
    0.21218E+00    0.20836E+04
    0.21646E+00    0.19932E+04
    0.22083E+00    0.19129E+04
    0.22530E+00    0.18436E+04
    0.22985E+00    0.17845E+04
    0.23449E+00    0.17331E+04
    0.23923E+00    0.16860E+04
    0.24406E+00    0.16398E+04
    0.24899E+00    0.15911E+04
    0.25402E+00    0.15380E+04
    0.25915E+00    0.14803E+04
    0.26439E+00    0.14192E+04
    0.26973E+00    0.13573E+04
    0.27518E+00    0.12975E+04
    0.28074E+00    0.12424E+04
    0.28641E+00    0.11934E+04
    0.29219E+00    0.11504E+04
    0.29810E+00    0.11120E+04
    0.30412E+00    0.10762E+04
    0.31026E+00    0.10405E+04
    0.31653E+00    0.10034E+04
    0.32292E+00    0.96444E+03
    0.32945E+00    0.92443E+03
    0.33610E+00    0.88491E+03
    0.34289E+00    0.84753E+03
    0.34982E+00    0.81333E+03
    0.35689E+00    0.78238E+03
    0.36409E+00    0.75386E+03
    0.37145E+00    0.72648E+03
    0.37895E+00    0.69915E+03
    0.38661E+00    0.67142E+03
    0.39442E+00    0.64363E+03
    0.40239E+00    0.61658E+03
    0.41052E+00    0.59105E+03
    0.41881E+00    0.56734E+03
    0.42727E+00    0.54519E+03
    0.43590E+00    0.52399E+03
    0.44471E+00    0.50319E+03
    0.45369E+00    0.48261E+03
    0.46286E+00    0.46247E+03
    0.47221E+00    0.44316E+03
    0.48174E+00    0.42491E+03
    0.49148E+00    0.40765E+03
    0.50141E+00    0.39112E+03
    0.51153E+00    0.37505E+03
    0.52187E+00    0.35940E+03
    0.53241E+00    0.34429E+03
    0.54317E+00    0.32985E+03
    0.55414E+00    0.31610E+03
    0.56533E+00    0.30293E+03
    0.57675E+00    0.29023E+03
    0.58840E+00    0.27796E+03
    0.60029E+00    0.26615E+03
    0.61242E+00    0.25486E+03
    0.62479E+00    0.24405E+03
    0.63741E+00    0.23368E+03
    0.65029E+00    0.22369E+03
    0.66342E+00    0.21410E+03
    0.67683E+00    0.20490E+03
    0.69050E+00    0.19610E+03
    0.70445E+00    0.18765E+03
    0.71868E+00    0.17953E+03
    0.73320E+00    0.17175E+03
    0.74801E+00    0.16430E+03
    0.76312E+00    0.15715E+03
    0.77854E+00    0.15029E+03
    0.79426E+00    0.14372E+03
    0.81031E+00    0.13742E+03
    0.82668E+00    0.13139E+03
    0.84338E+00    0.12561E+03
    0.86041E+00    0.12007E+03
    0.87780E+00    0.11477E+03
    0.89553E+00    0.10969E+03
    0.91362E+00    0.10482E+03
    0.93208E+00    0.10016E+03
    0.95091E+00    0.95701E+02
    0.97011E+00    0.91431E+02
    0.98971E+00    0.87343E+02
    0.10097E+01    0.83430E+02
    0.10301E+01    0.79685E+02
    0.10509E+01    0.76102E+02
    0.10721E+01    0.72673E+02
    0.10938E+01    0.69393E+02
    0.11159E+01    0.66256E+02
    0.11384E+01    0.63255E+02
    0.11614E+01    0.60386E+02
    0.11849E+01    0.57641E+02
    0.12088E+01    0.55017E+02
    0.12333E+01    0.52508E+02
    0.12582E+01    0.50109E+02
    0.12836E+01    0.47816E+02
    0.13095E+01    0.45624E+02
    0.13360E+01    0.43529E+02
    0.13630E+01    0.41528E+02
    0.13905E+01    0.39615E+02
    0.14186E+01    0.37788E+02
    0.14472E+01    0.36042E+02
    0.14765E+01    0.34374E+02
    0.15063E+01    0.32781E+02
    0.15367E+01    0.31260E+02
    0.15678E+01    0.29807E+02
    0.15994E+01    0.28419E+02
    0.16318E+01    0.27094E+02
    0.16647E+01    0.25829E+02
    0.16984E+01    0.24622E+02
    0.17327E+01    0.23469E+02
    0.17677E+01    0.22368E+02
    0.18034E+01    0.21318E+02
    0.18398E+01    0.20316E+02
    0.18770E+01    0.19360E+02
    0.19149E+01    0.18447E+02
    0.19536E+01    0.17576E+02
    0.19930E+01    0.16745E+02
    0.20333E+01    0.15953E+02
    0.20744E+01    0.15197E+02
    0.21163E+01    0.14476E+02
    0.21590E+01    0.13788E+02
    0.22026E+01    0.13132E+02
    0.22471E+01    0.12507E+02
    0.22925E+01    0.11910E+02
    0.23388E+01    0.11342E+02
    0.23861E+01    0.10799E+02
    0.24343E+01    0.10283E+02
    0.24835E+01    0.97899E+01
    0.25336E+01    0.93203E+01
    0.25848E+01    0.88727E+01
    0.26370E+01    0.84460E+01
    0.26903E+01    0.80395E+01
    0.27447E+01    0.76521E+01
    0.28001E+01    0.72829E+01
    0.28567E+01    0.69312E+01
    0.29144E+01    0.65961E+01
    0.29733E+01    0.62768E+01
    0.30333E+01    0.59727E+01
    0.30946E+01    0.56830E+01
    0.31571E+01    0.54071E+01
    0.32209E+01    0.51443E+01
    0.32860E+01    0.48940E+01
    0.33523E+01    0.46556E+01
    0.34201E+01    0.44286E+01
    0.34892E+01    0.42125E+01
    0.35596E+01    0.40067E+01
    0.36316E+01    0.38108E+01
    0.37049E+01    0.36243E+01
    0.37798E+01    0.34467E+01
    0.38561E+01    0.32777E+01
    0.39340E+01    0.31168E+01
    0.40135E+01    0.29637E+01
    0.40946E+01    0.28179E+01
    0.41773E+01    0.26792E+01
    0.42617E+01    0.25472E+01
    0.43478E+01    0.24216E+01
    0.44356E+01    0.23021E+01
    0.45252E+01    0.21884E+01
    0.46166E+01    0.20802E+01
    0.47099E+01    0.19772E+01
    0.48050E+01    0.18793E+01
    0.49021E+01    0.17862E+01
    0.50011E+01    0.16975E+01
    0.51021E+01    0.16132E+01
    0.52052E+01    0.15331E+01
    0.53104E+01    0.14568E+01
    0.54176E+01    0.13843E+01
    0.55271E+01    0.13153E+01
    0.56387E+01    0.12498E+01
    0.57526E+01    0.11874E+01
    0.58689E+01    0.11281E+01
    0.59874E+01    0.10717E+01
    0.61084E+01    0.10181E+01
    0.62318E+01    0.96716E+00
    0.63577E+01    0.91871E+00
    0.64861E+01    0.87265E+00
    0.66171E+01    0.82887E+00
    0.67508E+01    0.78726E+00
    0.68872E+01    0.74770E+00
    0.70263E+01    0.71011E+00
    0.71682E+01    0.67438E+00
    0.73130E+01    0.64042E+00
    0.74608E+01    0.60815E+00
    0.76115E+01    0.57749E+00
    0.77653E+01    0.54835E+00
    0.79221E+01    0.52066E+00
    0.80822E+01    0.49435E+00
    0.82454E+01    0.46935E+00
    0.84120E+01    0.44560E+00
    0.85819E+01    0.42304E+00
    0.87553E+01    0.40160E+00
    0.89322E+01    0.38124E+00
    0.91126E+01    0.36190E+00
    0.92967E+01    0.34353E+00
    0.94845E+01    0.32608E+00
    0.96761E+01    0.30950E+00
    0.98716E+01    0.29376E+00
    0.10071E+02    0.27880E+00
    0.10274E+02    0.26460E+00
    0.10482E+02    0.25112E+00
    0.10694E+02    0.23831E+00
    0.10910E+02    0.22615E+00
    0.11130E+02    0.21461E+00
    0.11355E+02    0.20364E+00
    0.11584E+02    0.19323E+00
    0.11818E+02    0.18335E+00
    0.12057E+02    0.17396E+00
    0.12301E+02    0.16506E+00
    0.12549E+02    0.15660E+00
    0.12803E+02    0.14857E+00
    0.13061E+02    0.14095E+00
    0.13325E+02    0.13371E+00
    0.13594E+02    0.12684E+00
    0.13869E+02    0.12033E+00
    0.14149E+02    0.11414E+00
    0.14435E+02    0.10827E+00
    0.14727E+02    0.10269E+00
    0.15024E+02    0.97406E-01
    0.15328E+02    0.92386E-01
    0.15637E+02    0.87623E-01
    0.15953E+02    0.83103E-01
    0.16275E+02    0.78814E-01
    0.16604E+02    0.74744E-01
    0.16940E+02    0.70882E-01
    0.17282E+02    0.67217E-01
    0.17631E+02    0.63741E-01
    0.17987E+02    0.60442E-01
    0.18351E+02    0.57312E-01
    0.18721E+02    0.54343E-01
    0.19099E+02    0.51527E-01
    0.19485E+02    0.48855E-01
    0.19879E+02    0.46320E-01
    0.20280E+02    0.43916E-01
    0.20690E+02    0.41635E-01
    0.21108E+02    0.39472E-01
    0.21535E+02    0.37420E-01
    0.21970E+02    0.35473E-01
    0.22413E+02    0.33627E-01
    0.22866E+02    0.31877E-01
    0.23328E+02    0.30216E-01
    0.23799E+02    0.28642E-01
    0.24280E+02    0.27148E-01
    0.24771E+02    0.25732E-01
    0.25271E+02    0.24389E-01
    0.25782E+02    0.23116E-01
    0.26302E+02    0.21909E-01
    0.26834E+02    0.20764E-01
    0.27376E+02    0.19678E-01
    0.27929E+02    0.18649E-01
    0.28493E+02    0.17673E-01
    0.29069E+02    0.16747E-01
    0.29656E+02    0.15870E-01
    0.30255E+02    0.15038E-01
    0.30866E+02    0.14250E-01
    0.31490E+02    0.13503E-01
    0.32126E+02    0.12794E-01
    0.32775E+02    0.12122E-01
    0.33437E+02    0.11486E-01
    0.34112E+02    0.10882E-01
    0.34801E+02    0.10310E-01
    0.35504E+02    0.97676E-02
    0.36222E+02    0.92537E-02
    0.36953E+02    0.87665E-02
    0.37700E+02    0.83048E-02
    0.38462E+02    0.78672E-02
    0.39239E+02    0.74525E-02
    0.40031E+02    0.70595E-02
    0.40840E+02    0.66870E-02
    0.41665E+02    0.63341E-02
    0.42507E+02    0.59996E-02
    0.43365E+02    0.56826E-02
    0.44241E+02    0.53823E-02
    0.45135E+02    0.50976E-02
    0.46047E+02    0.48280E-02
    0.46977E+02    0.45724E-02
    0.47926E+02    0.43303E-02
    0.48894E+02    0.41009E-02
    0.49882E+02    0.38836E-02
    0.50890E+02    0.36777E-02
    0.51918E+02    0.34826E-02
    0.52966E+02    0.32977E-02
    0.54036E+02    0.31226E-02
    0.55128E+02    0.29568E-02
    0.56242E+02    0.27996E-02
    0.57378E+02    0.26508E-02
    0.58537E+02    0.25098E-02
    0.59720E+02    0.23762E-02
    0.60926E+02    0.22497E-02
    0.62157E+02    0.21298E-02
    0.63412E+02    0.20163E-02
    0.64693E+02    0.19088E-02
    0.66000E+02    0.18069E-02
    0.67334E+02    0.17105E-02
    0.68694E+02    0.16192E-02
    0.70082E+02    0.15326E-02
    0.71497E+02    0.14507E-02
    0.72942E+02    0.13731E-02
    0.74415E+02    0.12996E-02
    0.75918E+02    0.12300E-02
    0.77452E+02    0.11641E-02
    0.79017E+02    0.11017E-02
    0.80613E+02    0.10427E-02
    0.82241E+02    0.98671E-03
    0.83903E+02    0.93373E-03
    0.85598E+02    0.88357E-03
    0.87327E+02    0.83607E-03
    0.89091E+02    0.79110E-03
    0.90891E+02    0.74853E-03
    0.92727E+02    0.70822E-03
    0.94600E+02    0.67005E-03
    0.96511E+02    0.63392E-03
    0.98461E+02    0.59972E-03
    0.10045E+03    0.56734E-03
    0.10248E+03    0.53669E-03
    0.10455E+03    0.50767E-03
    0.10666E+03    0.48021E-03
    0.10882E+03    0.45421E-03
    0.11101E+03    0.42960E-03
    0.11326E+03    0.40631E-03
    0.11554E+03    0.38426E-03
    0.11788E+03    0.36340E-03
    0.12026E+03    0.34365E-03
    0.12269E+03    0.32496E-03
    0.12517E+03    0.30727E-03
    0.12770E+03    0.29053E-03
    0.13028E+03    0.27469E-03
    0.13291E+03    0.25969E-03
    0.13559E+03    0.24551E-03
    0.13833E+03    0.23209E-03
    0.14113E+03    0.21938E-03
    0.14398E+03    0.20737E-03
    0.14689E+03    0.19599E-03
    0.14985E+03    0.18524E-03
    0.15288E+03    0.17506E-03
    0.15597E+03    0.16543E-03
    0.15912E+03    0.15632E-03
    0.16233E+03    0.14770E-03
    0.16561E+03    0.13955E-03
    0.16896E+03    0.13184E-03
    0.17237E+03    0.12454E-03
    0.17585E+03    0.11765E-03
    0.17941E+03    0.11112E-03
    0.18303E+03    0.10495E-03
    0.18673E+03    0.99113E-04
    0.19050E+03    0.93593E-04
    0.19435E+03    0.88374E-04
    0.19828E+03    0.83439E-04
    0.20228E+03    0.78772E-04
    0.20637E+03    0.74360E-04
    0.21054E+03    0.70189E-04
    0.21479E+03    0.66245E-04
    0.21913E+03    0.62517E-04
    0.22356E+03    0.58993E-04
    0.22807E+03    0.55661E-04
    0.23268E+03    0.52513E-04
    0.23738E+03    0.49537E-04
    0.24217E+03    0.46725E-04
    0.24707E+03    0.44068E-04
    0.25206E+03    0.41557E-04
    0.25715E+03    0.39184E-04
    0.26234E+03    0.36943E-04
    0.26764E+03    0.34825E-04
    0.27305E+03    0.32825E-04
    0.27857E+03    0.30936E-04
    0.28419E+03    0.29152E-04
    0.28994E+03    0.27467E-04
    0.29579E+03    0.25876E-04
    0.30177E+03    0.24373E-04
    0.30786E+03    0.22955E-04
    0.31408E+03    0.21616E-04
    0.32043E+03    0.20353E-04
    0.32690E+03    0.19160E-04
    0.33351E+03    0.18035E-04
    0.34024E+03    0.16973E-04
    0.34712E+03    0.15972E-04
    0.35413E+03    0.15027E-04
    0.36128E+03    0.14136E-04
    0.36858E+03    0.13296E-04
    0.37603E+03    0.12504E-04
    0.38362E+03    0.11757E-04
    0.39137E+03    0.11053E-04
    0.39928E+03    0.10389E-04
    0.40734E+03    0.97642E-05
    0.41557E+03    0.91753E-05
    0.42397E+03    0.86206E-05
    0.43253E+03    0.80982E-05
    0.44127E+03    0.76063E-05
    0.45019E+03    0.71432E-05
    0.45928E+03    0.67074E-05
    0.46856E+03    0.62972E-05
    0.47802E+03    0.59114E-05
    0.48768E+03    0.55484E-05
    0.49753E+03    0.52070E-05
    0.50758E+03    0.48860E-05
    0.51784E+03    0.45842E-05
    0.52830E+03    0.43006E-05
    0.53897E+03    0.40341E-05
    0.54986E+03    0.37837E-05
    0.56097E+03    0.35485E-05
    0.57230E+03    0.33276E-05
    0.58386E+03    0.31202E-05
    0.59565E+03    0.29255E-05
    0.60769E+03    0.27428E-05
    0.61996E+03    0.25713E-05
    0.63249E+03    0.24104E-05
    0.64526E+03    0.22594E-05
    0.65830E+03    0.21179E-05
    0.67160E+03    0.19851E-05
    0.68516E+03    0.18606E-05
    0.69901E+03    0.17439E-05
    0.71313E+03    0.16345E-05
    0.72753E+03    0.15320E-05
    0.74223E+03    0.14358E-05
    0.75722E+03    0.13458E-05
    0.77252E+03    0.12613E-05
    0.78813E+03    0.11822E-05
    0.80405E+03    0.11081E-05
    0.82029E+03    0.10386E-05
    0.83686E+03    0.97353E-06
    0.85377E+03    0.91253E-06
    0.87101E+03    0.85537E-06
    0.88861E+03    0.80181E-06
    0.90656E+03    0.75162E-06
    0.92488E+03    0.70459E-06
    0.94356E+03    0.66051E-06
    0.96262E+03    0.61920E-06
    0.98207E+03    0.58048E-06
    0.10019E+04    0.54419E-06
    0.10221E+04    0.51018E-06
    0.10428E+04    0.47830E-06
    0.10639E+04    0.44842E-06
    0.10854E+04    0.42041E-06
    0.11073E+04    0.39416E-06
    0.11296E+04    0.36956E-06
    0.11525E+04    0.34650E-06
    0.11757E+04    0.32488E-06
    0.11995E+04    0.30462E-06
    0.12237E+04    0.28563E-06
    0.12485E+04    0.26784E-06
    0.12737E+04    0.25116E-06
    0.12994E+04    0.23553E-06
    0.13257E+04    0.22089E-06
    0.13524E+04    0.20716E-06
    0.13798E+04    0.19429E-06
    0.14076E+04    0.18223E-06
    0.14361E+04    0.17093E-06
    0.14651E+04    0.16033E-06
    0.14947E+04    0.15040E-06
    0.15249E+04    0.14109E-06
    0.15557E+04    0.13236E-06
    0.15871E+04    0.12418E-06
    0.16192E+04    0.11651E-06
    0.16519E+04    0.10931E-06
    0.16852E+04    0.10257E-06
    0.17193E+04    0.96242E-07
    0.17540E+04    0.90310E-07
    0.17894E+04    0.84748E-07
    0.18256E+04    0.79532E-07
    0.18625E+04    0.74641E-07
    0.19001E+04    0.70054E-07
    0.19385E+04    0.65752E-07
    0.19776E+04    0.61718E-07
    0.20176E+04    0.57934E-07
    0.20583E+04    0.54385E-07
    0.20999E+04    0.51056E-07
    0.21424E+04    0.47933E-07
    0.21856E+04    0.45003E-07
    0.22298E+04    0.42254E-07
    0.22748E+04    0.39676E-07
    0.23208E+04    0.37256E-07
    0.23677E+04    0.34986E-07
    0.24155E+04    0.32856E-07
    0.24643E+04    0.30857E-07
    0.25141E+04    0.28982E-07
    0.25649E+04    0.27222E-07
    0.26167E+04    0.25570E-07
    0.26695E+04    0.24020E-07
    0.27235E+04    0.22565E-07
    0.27785E+04    0.21199E-07
    0.28346E+04    0.19917E-07
    0.28919E+04    0.18714E-07
    0.29503E+04    0.17584E-07
    0.30099E+04    0.16524E-07
    0.30707E+04    0.15528E-07
    0.31327E+04    0.14593E-07
    0.31960E+04    0.13715E-07
    0.32606E+04    0.12891E-07
    0.33264E+04    0.12117E-07
    0.33936E+04    0.11390E-07
    0.34622E+04    0.10708E-07
    0.35321E+04    0.10066E-07
    0.36035E+04    0.94643E-08
    0.36763E+04    0.88987E-08
    0.37506E+04    0.83674E-08
    0.38263E+04    0.78682E-08
    0.39036E+04    0.73993E-08
    0.39825E+04    0.69588E-08
    0.40629E+04    0.65448E-08
    0.41450E+04    0.61558E-08
    0.42287E+04    0.57904E-08
    0.43142E+04    0.54469E-08
    0.44013E+04    0.51241E-08
    0.44902E+04    0.48207E-08
    0.45809E+04    0.45356E-08
    0.46735E+04    0.42676E-08
    0.47679E+04    0.40156E-08
    0.48642E+04    0.37788E-08
    0.49625E+04    0.35561E-08
    0.50627E+04    0.33468E-08
    0.51650E+04    0.31499E-08
    0.52693E+04    0.29648E-08
    0.53758E+04    0.27908E-08
    0.54844E+04    0.26271E-08
    0.55952E+04    0.24731E-08
    0.57082E+04    0.23284E-08
    0.58235E+04    0.21922E-08
    0.59412E+04    0.20641E-08
    0.60612E+04    0.19435E-08
    0.61836E+04    0.18302E-08
    0.63085E+04    0.17235E-08
    0.64360E+04    0.16231E-08
    0.65660E+04    0.15287E-08
    0.66986E+04    0.14398E-08
    0.68340E+04    0.13562E-08
    0.69720E+04    0.12775E-08
    0.71129E+04    0.12034E-08
    0.72566E+04    0.11337E-08
    0.74031E+04    0.10681E-08
    0.75527E+04    0.10063E-08
    0.77053E+04    0.94816E-09
    0.78609E+04    0.89341E-09
    0.80197E+04    0.84186E-09
    0.81817E+04    0.79332E-09
    0.83470E+04    0.74761E-09
    0.85156E+04    0.70457E-09
    0.86877E+04    0.66404E-09
    0.88632E+04    0.62586E-09
    0.90422E+04    0.58991E-09
    0.92249E+04    0.55605E-09
    0.94112E+04    0.52415E-09
    0.96013E+04    0.49410E-09
    0.97953E+04    0.46580E-09
    0.99932E+04    0.43913E-09
    0.10195E+05    0.41401E-09
    0.10401E+05    0.39033E-09
    0.10611E+05    0.36803E-09
    0.10825E+05    0.34701E-09
    0.11044E+05    0.32721E-09
    0.11267E+05    0.30854E-09
    0.11495E+05    0.29095E-09
    0.11727E+05    0.27438E-09
    0.11964E+05    0.25875E-09
    0.12206E+05    0.24402E-09
