  0.742942E-04  0.166655E+05  0.166654E+05  0.222205E+05  0.222204E+05  0.221238E+05  0.168776E+05  0.166655E+05  0.223010E+05 -0.618628E+00  0.175890E+05  0.175888E+05  0.156095E+02
  0.103686E-03  0.166654E+05  0.166653E+05  0.222204E+05  0.222201E+05  0.221236E+05  0.168775E+05  0.166654E+05  0.223009E+05 -0.618626E+00  0.175889E+05  0.175886E+05  0.217847E+02
  0.144705E-03  0.166654E+05  0.166651E+05  0.222201E+05  0.222196E+05  0.221231E+05  0.168775E+05  0.166654E+05  0.223008E+05 -0.618621E+00  0.175889E+05  0.175882E+05  0.304028E+02
  0.201953E-03  0.166653E+05  0.166647E+05  0.222196E+05  0.222186E+05  0.221221E+05  0.168773E+05  0.166652E+05  0.223004E+05 -0.618612E+00  0.175888E+05  0.175875E+05  0.424299E+02
  0.281848E-03  0.166651E+05  0.166640E+05  0.222186E+05  0.222167E+05  0.221202E+05  0.168770E+05  0.166650E+05  0.222998E+05 -0.618595E+00  0.175885E+05  0.175860E+05  0.592141E+02
  0.393350E-03  0.166648E+05  0.166626E+05  0.222167E+05  0.222130E+05  0.221165E+05  0.168763E+05  0.166644E+05  0.222985E+05 -0.618562E+00  0.175880E+05  0.175832E+05  0.826357E+02
  0.548964E-03  0.166641E+05  0.166599E+05  0.222130E+05  0.222058E+05  0.221093E+05  0.168751E+05  0.166634E+05  0.222961E+05 -0.618497E+00  0.175871E+05  0.175776E+05  0.115316E+03
  0.766141E-03  0.166627E+05  0.166547E+05  0.222057E+05  0.221916E+05  0.220953E+05  0.168726E+05  0.166615E+05  0.222914E+05 -0.618372E+00  0.175852E+05  0.175668E+05  0.160905E+03
  0.106924E-02  0.166601E+05  0.166445E+05  0.221915E+05  0.221642E+05  0.220680E+05  0.168679E+05  0.166576E+05  0.222822E+05 -0.618127E+00  0.175816E+05  0.175458E+05  0.224475E+03
  0.149224E-02  0.166549E+05  0.166245E+05  0.221639E+05  0.221108E+05  0.220151E+05  0.168587E+05  0.166502E+05  0.222642E+05 -0.617650E+00  0.175746E+05  0.175050E+05  0.313047E+03
  0.208259E-02  0.166449E+05  0.165858E+05  0.221102E+05  0.220070E+05  0.219122E+05  0.168408E+05  0.166357E+05  0.222294E+05 -0.616723E+00  0.175609E+05  0.174256E+05  0.436259E+03
  0.290648E-02  0.166254E+05  0.165105E+05  0.220059E+05  0.218063E+05  0.217130E+05  0.168060E+05  0.166076E+05  0.221617E+05 -0.614922E+00  0.175344E+05  0.172715E+05  0.607131E+03
  0.405633E-02  0.165876E+05  0.163646E+05  0.218039E+05  0.214198E+05  0.213296E+05  0.167387E+05  0.165530E+05  0.220308E+05 -0.611437E+00  0.174828E+05  0.169736E+05  0.842670E+03
  0.419382E-02  0.165822E+05  0.163440E+05  0.217753E+05  0.213656E+05  0.212757E+05  0.167292E+05  0.165453E+05  0.220124E+05 -0.610946E+00  0.174755E+05  0.169316E+05  0.870553E+03
  0.433597E-02  0.165765E+05  0.163220E+05  0.217449E+05  0.213077E+05  0.212183E+05  0.167190E+05  0.165371E+05  0.219927E+05 -0.610421E+00  0.174677E+05  0.168868E+05  0.899310E+03
  0.448293E-02  0.165704E+05  0.162986E+05  0.217124E+05  0.212460E+05  0.211571E+05  0.167082E+05  0.165283E+05  0.219717E+05 -0.609860E+00  0.174593E+05  0.168390E+05  0.928964E+03
  0.463488E-02  0.165639E+05  0.162735E+05  0.216777E+05  0.211802E+05  0.210918E+05  0.166966E+05  0.165189E+05  0.219492E+05 -0.609262E+00  0.174505E+05  0.167879E+05  0.959536E+03
  0.479198E-02  0.165569E+05  0.162467E+05  0.216406E+05  0.211101E+05  0.210223E+05  0.166843E+05  0.165089E+05  0.219253E+05 -0.608624E+00  0.174410E+05  0.167335E+05  0.991050E+03
  0.495441E-02  0.165495E+05  0.162181E+05  0.216011E+05  0.210353E+05  0.209481E+05  0.166711E+05  0.164982E+05  0.218998E+05 -0.607942E+00  0.174308E+05  0.166754E+05  0.102353E+04
  0.512234E-02  0.165416E+05  0.161876E+05  0.215588E+05  0.209557E+05  0.208691E+05  0.166570E+05  0.164867E+05  0.218725E+05 -0.607215E+00  0.174200E+05  0.166134E+05  0.105699E+04
  0.529596E-02  0.165331E+05  0.161551E+05  0.215138E+05  0.208709E+05  0.207850E+05  0.166420E+05  0.164745E+05  0.218435E+05 -0.606439E+00  0.174084E+05  0.165473E+05  0.109145E+04
  0.547547E-02  0.165240E+05  0.161203E+05  0.214657E+05  0.207806E+05  0.206954E+05  0.166260E+05  0.164615E+05  0.218124E+05 -0.605611E+00  0.173960E+05  0.164768E+05  0.112695E+04
  0.566106E-02  0.165144E+05  0.160833E+05  0.214143E+05  0.206844E+05  0.205999E+05  0.166089E+05  0.164476E+05  0.217794E+05 -0.604728E+00  0.173828E+05  0.164016E+05  0.116349E+04
  0.585294E-02  0.165040E+05  0.160437E+05  0.213596E+05  0.205820E+05  0.204983E+05  0.165907E+05  0.164327E+05  0.217441E+05 -0.603785E+00  0.173687E+05  0.163215E+05  0.120110E+04
  0.605133E-02  0.164930E+05  0.160015E+05  0.213012E+05  0.204731E+05  0.203903E+05  0.165713E+05  0.164169E+05  0.217065E+05 -0.602781E+00  0.173537E+05  0.162361E+05  0.123979E+04
  0.625644E-02  0.164813E+05  0.159565E+05  0.212389E+05  0.203572E+05  0.202753E+05  0.165506E+05  0.164000E+05  0.216665E+05 -0.601709E+00  0.173376E+05  0.161450E+05  0.127959E+04
  0.646850E-02  0.164687E+05  0.159084E+05  0.211724E+05  0.202340E+05  0.201530E+05  0.165285E+05  0.163819E+05  0.216238E+05 -0.600567E+00  0.173205E+05  0.160480E+05  0.132050E+04
  0.668775E-02  0.164553E+05  0.158572E+05  0.211016E+05  0.201029E+05  0.200230E+05  0.165049E+05  0.163626E+05  0.215783E+05 -0.599349E+00  0.173022E+05  0.159447E+05  0.136255E+04
  0.691443E-02  0.164410E+05  0.158026E+05  0.210260E+05  0.199637E+05  0.198848E+05  0.164798E+05  0.163421E+05  0.215298E+05 -0.598051E+00  0.172826E+05  0.158346E+05  0.140574E+04
  0.714880E-02  0.164257E+05  0.157444E+05  0.209455E+05  0.198159E+05  0.197381E+05  0.164530E+05  0.163202E+05  0.214782E+05 -0.596667E+00  0.172617E+05  0.157175E+05  0.145009E+04
  0.739111E-02  0.164095E+05  0.156823E+05  0.208597E+05  0.196589E+05  0.195823E+05  0.164245E+05  0.162968E+05  0.214233E+05 -0.595194E+00  0.172395E+05  0.155928E+05  0.149560E+04
  0.764163E-02  0.163921E+05  0.156162E+05  0.207683E+05  0.194923E+05  0.194170E+05  0.163941E+05  0.162719E+05  0.213648E+05 -0.593625E+00  0.172157E+05  0.154600E+05  0.154228E+04
  0.790064E-02  0.163735E+05  0.155457E+05  0.206709E+05  0.193155E+05  0.192416E+05  0.163617E+05  0.162453E+05  0.213025E+05 -0.591953E+00  0.171904E+05  0.153189E+05  0.159013E+04
  0.816844E-02  0.163538E+05  0.154707E+05  0.205671E+05  0.191282E+05  0.190557E+05  0.163273E+05  0.162170E+05  0.212363E+05 -0.590174E+00  0.171633E+05  0.151688E+05  0.163915E+04
  0.844531E-02  0.163327E+05  0.153907E+05  0.204567E+05  0.189297E+05  0.188587E+05  0.162906E+05  0.161868E+05  0.211659E+05 -0.588281E+00  0.171345E+05  0.150092E+05  0.168933E+04
  0.873156E-02  0.163102E+05  0.153056E+05  0.203391E+05  0.187196E+05  0.186501E+05  0.162516E+05  0.161546E+05  0.210911E+05 -0.586267E+00  0.171038E+05  0.148396E+05  0.174067E+04
  0.902752E-02  0.162863E+05  0.152151E+05  0.202140E+05  0.184972E+05  0.184294E+05  0.162101E+05  0.161203E+05  0.210115E+05 -0.584125E+00  0.170710E+05  0.146595E+05  0.179314E+04
  0.933351E-02  0.162608E+05  0.151187E+05  0.200809E+05  0.182621E+05  0.181961E+05  0.161659E+05  0.160838E+05  0.209270E+05 -0.581847E+00  0.170360E+05  0.144683E+05  0.184673E+04
  0.964987E-02  0.162336E+05  0.150162E+05  0.199394E+05  0.180136E+05  0.179495E+05  0.161190E+05  0.160450E+05  0.208373E+05 -0.579426E+00  0.169987E+05  0.142654E+05  0.190141E+04
  0.997695E-02  0.162046E+05  0.149072E+05  0.197889E+05  0.177514E+05  0.176892E+05  0.160691E+05  0.160036E+05  0.207421E+05 -0.576854E+00  0.169590E+05  0.140502E+05  0.195714E+04
  0.103151E-01  0.161737E+05  0.147913E+05  0.196290E+05  0.174748E+05  0.174146E+05  0.160161E+05  0.159595E+05  0.206411E+05 -0.574123E+00  0.169167E+05  0.138221E+05  0.201388E+04
  0.106648E-01  0.161408E+05  0.146682E+05  0.194592E+05  0.171833E+05  0.171252E+05  0.159598E+05  0.159127E+05  0.205340E+05 -0.571224E+00  0.168717E+05  0.135805E+05  0.207158E+04
  0.110262E-01  0.161058E+05  0.145375E+05  0.192789E+05  0.168765E+05  0.168206E+05  0.159001E+05  0.158629E+05  0.204205E+05 -0.568148E+00  0.168237E+05  0.133247E+05  0.213018E+04
  0.114000E-01  0.160686E+05  0.143987E+05  0.190875E+05  0.165538E+05  0.165003E+05  0.158367E+05  0.158099E+05  0.203003E+05 -0.564886E+00  0.167726E+05  0.130541E+05  0.218960E+04
  0.117864E-01  0.160290E+05  0.142514E+05  0.188845E+05  0.162150E+05  0.161639E+05  0.157695E+05  0.157536E+05  0.201731E+05 -0.561429E+00  0.167182E+05  0.127680E+05  0.224977E+04
  0.121859E-01  0.159868E+05  0.140953E+05  0.186694E+05  0.158595E+05  0.158110E+05  0.156983E+05  0.156938E+05  0.200386E+05 -0.557768E+00  0.166603E+05  0.124658E+05  0.231059E+04
  0.125989E-01  0.159420E+05  0.139297E+05  0.184414E+05  0.154872E+05  0.154412E+05  0.156229E+05  0.156303E+05  0.198964E+05 -0.553891E+00  0.165987E+05  0.121469E+05  0.237195E+04
  0.130260E-01  0.158944E+05  0.137544E+05  0.182000E+05  0.150977E+05  0.150544E+05  0.155431E+05  0.155628E+05  0.197462E+05 -0.549791E+00  0.165333E+05  0.118107E+05  0.243373E+04
  0.134675E-01  0.158438E+05  0.135687E+05  0.179446E+05  0.146909E+05  0.146505E+05  0.154586E+05  0.154913E+05  0.195878E+05 -0.545456E+00  0.164637E+05  0.114566E+05  0.249578E+04
  0.139240E-01  0.157900E+05  0.133723E+05  0.176745E+05  0.142668E+05  0.142292E+05  0.153693E+05  0.154154E+05  0.194207E+05 -0.540878E+00  0.163898E+05  0.110840E+05  0.255795E+04
  0.143959E-01  0.157330E+05  0.131647E+05  0.173892E+05  0.138254E+05  0.137908E+05  0.152750E+05  0.153351E+05  0.192448E+05 -0.536045E+00  0.163112E+05  0.106924E+05  0.262007E+04
  0.148839E-01  0.156724E+05  0.129455E+05  0.170880E+05  0.133670E+05  0.133354E+05  0.151755E+05  0.152499E+05  0.190596E+05 -0.530949E+00  0.162279E+05  0.102814E+05  0.268193E+04
  0.153884E-01  0.156082E+05  0.127141E+05  0.167703E+05  0.128918E+05  0.128633E+05  0.150705E+05  0.151598E+05  0.188649E+05 -0.525580E+00  0.161394E+05  0.985064E+04  0.274333E+04
  0.159099E-01  0.155401E+05  0.124701E+05  0.164355E+05  0.124004E+05  0.123750E+05  0.149599E+05  0.150644E+05  0.186606E+05 -0.519929E+00  0.160456E+05  0.939983E+04  0.280401E+04
  0.164492E-01  0.154679E+05  0.122130E+05  0.160832E+05  0.118934E+05  0.118712E+05  0.148435E+05  0.149637E+05  0.184462E+05 -0.513987E+00  0.159461E+05  0.892881E+04  0.286372E+04
  0.170068E-01  0.153916E+05  0.119426E+05  0.157127E+05  0.113718E+05  0.113528E+05  0.147210E+05  0.148572E+05  0.182217E+05 -0.507747E+00  0.158408E+05  0.843754E+04  0.292217E+04
  0.175832E-01  0.153107E+05  0.116583E+05  0.153236E+05  0.108367E+05  0.108209E+05  0.145924E+05  0.147449E+05  0.179868E+05 -0.501201E+00  0.157293E+05  0.792611E+04  0.297904E+04
  0.181792E-01  0.152252E+05  0.113599E+05  0.149156E+05  0.102893E+05  0.102768E+05  0.144573E+05  0.146264E+05  0.177415E+05 -0.494343E+00  0.156113E+05  0.739483E+04  0.303399E+04
  0.187954E-01  0.151349E+05  0.110471E+05  0.144882E+05  0.973143E+04  0.972205E+04  0.143158E+05  0.145016E+05  0.174856E+05 -0.487167E+00  0.154866E+05  0.684416E+04  0.308665E+04
  0.194324E-01  0.150395E+05  0.107196E+05  0.140412E+05  0.916481E+04  0.915854E+04  0.141677E+05  0.143702E+05  0.172191E+05 -0.479670E+00  0.153548E+05  0.627482E+04  0.313661E+04
  0.200911E-01  0.149388E+05  0.103773E+05  0.135745E+05  0.859161E+04  0.858838E+04  0.140128E+05  0.142321E+05  0.169421E+05 -0.471850E+00  0.152157E+05  0.568779E+04  0.318345E+04
  0.207721E-01  0.148327E+05  0.100201E+05  0.130881E+05  0.801425E+04  0.801396E+04  0.138510E+05  0.140871E+05  0.166546E+05 -0.463706E+00  0.150691E+05  0.508433E+04  0.322671E+04
  0.214762E-01  0.147209E+05  0.964795E+04  0.125820E+05  0.743543E+04  0.743793E+04  0.136824E+05  0.139349E+05  0.163569E+05 -0.455239E+00  0.149146E+05  0.446601E+04  0.326590E+04
  0.222041E-01  0.146032E+05  0.926108E+04  0.120566E+05  0.685809E+04  0.686323E+04  0.135069E+05  0.137755E+05  0.160491E+05 -0.446453E+00  0.147520E+05  0.383479E+04  0.330051E+04
  0.229567E-01  0.144794E+05  0.885970E+04  0.115123E+05  0.628545E+04  0.629305E+04  0.133245E+05  0.136088E+05  0.157317E+05 -0.437353E+00  0.145810E+05  0.319299E+04  0.332999E+04
  0.237348E-01  0.143495E+05  0.844421E+04  0.109498E+05  0.572095E+04  0.573079E+04  0.131352E+05  0.134346E+05  0.154049E+05 -0.427949E+00  0.144015E+05  0.254338E+04  0.335378E+04
  0.245393E-01  0.142131E+05  0.801519E+04  0.103699E+05  0.516822E+04  0.518004E+04  0.129392E+05  0.132529E+05  0.150695E+05 -0.418251E+00  0.142133E+05  0.188917E+04  0.337130E+04
  0.253711E-01  0.140703E+05  0.757337E+04  0.977388E+04  0.463100E+04  0.464455E+04  0.127365E+05  0.130637E+05  0.147259E+05 -0.408274E+00  0.140162E+05  0.123406E+04  0.338196E+04
  0.262311E-01  0.139207E+05  0.711969E+04  0.916310E+04  0.411314E+04  0.412811E+04  0.125274E+05  0.128670E+05  0.143748E+05 -0.398036E+00  0.138101E+05  0.582274E+03  0.338513E+04
  0.271202E-01  0.137643E+05  0.665531E+04  0.853930E+04  0.361845E+04  0.363454E+04  0.123121E+05  0.126629E+05  0.140172E+05 -0.387557E+00  0.135948E+05 -0.614589E+02  0.338021E+04
  0.280394E-01  0.136011E+05  0.618164E+04  0.790453E+04  0.315068E+04  0.316756E+04  0.120908E+05  0.124516E+05  0.136539E+05 -0.376862E+00  0.133705E+05 -0.691856E+03  0.336660E+04
  0.289898E-01  0.134309E+05  0.570031E+04  0.726119E+04  0.271335E+04  0.273068E+04  0.118639E+05  0.122332E+05  0.132858E+05 -0.365980E+00  0.131370E+05 -0.130310E+04  0.334371E+04
  0.299724E-01  0.132537E+05  0.521324E+04  0.661203E+04  0.230968E+04  0.232712E+04  0.116318E+05  0.120080E+05  0.129142E+05 -0.354941E+00  0.128945E+05 -0.188886E+04  0.331098E+04
  0.309883E-01  0.130695E+05  0.472262E+04  0.596017E+04  0.194242E+04  0.195965E+04  0.113948E+05  0.117763E+05  0.125401E+05 -0.343781E+00  0.126432E+05 -0.244233E+04  0.326788E+04
  0.320387E-01  0.128784E+05  0.423094E+04  0.530912E+04  0.161377E+04  0.163047E+04  0.111536E+05  0.115386E+05  0.121647E+05 -0.332538E+00  0.123833E+05 -0.295626E+04  0.321397E+04
  0.331246E-01  0.126803E+05  0.374096E+04  0.466277E+04  0.132523E+04  0.134111E+04  0.109085E+05  0.112954E+05  0.117895E+05 -0.321254E+00  0.121151E+05 -0.342308E+04  0.314886E+04
  0.342474E-01  0.124755E+05  0.325575E+04  0.402534E+04  0.107745E+04  0.109226E+04  0.106602E+05  0.110471E+05  0.114156E+05 -0.309972E+00  0.118390E+05 -0.383495E+04  0.307224E+04
  0.354082E-01  0.122640E+05  0.277864E+04  0.340142E+04  0.870178E+03  0.883717E+03  0.104093E+05  0.107945E+05  0.110445E+05 -0.298738E+00  0.115556E+05 -0.418396E+04  0.298395E+04
  0.366084E-01  0.120461E+05  0.231322E+04  0.279590E+04  0.702146E+03  0.714258E+03  0.101564E+05  0.105382E+05  0.106775E+05 -0.287602E+00  0.112654E+05 -0.446230E+04  0.288395E+04
  0.378492E-01  0.118219E+05  0.186330E+04  0.221391E+04  0.571053E+03  0.581649E+03  0.990218E+04  0.102790E+05  0.103160E+05 -0.276612E+00  0.109692E+05 -0.466243E+04  0.277236E+04
  0.391321E-01  0.115918E+05  0.143289E+04  0.166076E+04  0.473575E+03  0.482631E+03  0.964735E+04  0.100179E+05  0.996124E+04 -0.265817E+00  0.106677E+05 -0.477742E+04  0.264948E+04
  0.404585E-01  0.113561E+05  0.102611E+04  0.114186E+04  0.405435E+03  0.412996E+03  0.939261E+04  0.975569E+04  0.961458E+04 -0.255267E+00  0.103619E+05 -0.480118E+04  0.251582E+04
  0.418299E-01  0.111151E+05  0.647125E+03  0.662587E+03  0.361551E+03  0.367728E+03  0.913870E+04  0.949334E+04  0.927723E+04 -0.245009E+00  0.100527E+05 -0.472885E+04  0.237213E+04
  0.432477E-01  0.108694E+05  0.300065E+03  0.228151E+03  0.336248E+03  0.341211E+03  0.888635E+04  0.923186E+04  0.895036E+04 -0.235089E+00  0.974132E+04 -0.455716E+04  0.221938E+04
  0.447136E-01  0.106192E+05 -0.110891E+02 -0.156533E+03  0.323546E+03  0.327512E+03  0.863630E+04  0.897226E+04  0.863508E+04 -0.225550E+00  0.942884E+04 -0.428483E+04  0.205882E+04
  0.462292E-01  0.103652E+05 -0.282628E+03 -0.487046E+03  0.317506E+03  0.320726E+03  0.838929E+04  0.871553E+04  0.833239E+04 -0.216431E+00  0.911649E+04 -0.391300E+04  0.189197E+04
  0.477961E-01  0.101079E+05 -0.511257E+03 -0.759645E+03  0.312621E+03  0.315358E+03  0.814603E+04  0.846266E+04  0.804323E+04 -0.207764E+00  0.880555E+04 -0.344560E+04  0.172063E+04
  0.494162E-01  0.984782E+04 -0.694247E+03 -0.971476E+03  0.304218E+03  0.306724E+03  0.790723E+04  0.821455E+04  0.776839E+04 -0.199577E+00  0.849728E+04 -0.288979E+04  0.154685E+04
  0.510911E-01  0.958566E+04 -0.829602E+03 -0.112078E+04  0.288838E+03  0.291334E+03  0.767354E+04  0.797203E+04  0.750857E+04 -0.191893E+00  0.819297E+04 -0.225625E+04  0.137291E+04
  0.528229E-01  0.932202E+04 -0.916242E+03 -0.120727E+04  0.264537E+03  0.267189E+03  0.744556E+04  0.773581E+04  0.726428E+04 -0.184723E+00  0.789384E+04 -0.155932E+04  0.120132E+04
  0.546133E-01  0.905759E+04 -0.954095E+03 -0.123169E+04  0.231086E+03  0.233988E+03  0.722386E+04  0.750649E+04  0.703592E+04 -0.178075E+00  0.760112E+04 -0.817386E+03  0.103476E+04
  0.564644E-01  0.879306E+04 -0.944380E+03 -0.119692E+04  0.189964E+03  0.193130E+03  0.700886E+04  0.728445E+04  0.682356E+04 -0.171945E+00  0.731590E+04 -0.523930E+02  0.875983E+03
  0.583783E-01  0.852914E+04 -0.889636E+03 -0.110749E+04  0.144177E+03  0.147542E+03  0.680087E+04  0.706989E+04  0.662698E+04 -0.166319E+00  0.703914E+04  0.710256E+03  0.727745E+03
  0.611299E-01  0.816677E+04 -0.747568E+03 -0.906120E+03  0.809941E+02  0.844014E+02  0.652525E+04  0.678568E+04  0.638013E+04 -0.159329E+00  0.667219E+04  0.170753E+04  0.545179E+03
  0.638816E-01  0.782444E+04 -0.552633E+03 -0.648336E+03  0.307819E+02  0.338979E+02  0.627426E+04  0.652658E+04  0.616833E+04 -0.153415E+00  0.633953E+04  0.253298E+04  0.400000E+03
  0.666332E-01  0.750175E+04 -0.328238E+03 -0.364652E+03  0.403504E+00  0.295047E+01  0.604438E+04  0.628866E+04  0.598350E+04 -0.148339E+00  0.603836E+04  0.314120E+04  0.291867E+03
  0.693849E-01  0.719815E+04 -0.957860E+02 -0.819149E+02 -0.874445E+01 -0.690739E+01  0.583202E+04  0.606811E+04  0.581766E+04 -0.143884E+00  0.576566E+04  0.350533E+04  0.218680E+03
  0.721365E-01  0.691291E+04  0.126181E+03  0.177691E+03 -0.242086E+00  0.909519E+00  0.563369E+04  0.586145E+04  0.566335E+04 -0.139850E+00  0.551833E+04  0.361753E+04  0.176883E+03
  0.748881E-01  0.664517E+04  0.322601E+03  0.397265E+03  0.190322E+02  0.196657E+02  0.544620E+04  0.566561E+04  0.551402E+04 -0.136065E+00  0.529336E+04  0.348813E+04  0.161816E+03
  0.776398E-01  0.639395E+04  0.482296E+03  0.565449E+03  0.411133E+02  0.414795E+02  0.526678E+04  0.547806E+04  0.536440E+04 -0.132386E+00  0.508781E+04  0.314371E+04  0.168089E+03
  0.803914E-01  0.615824E+04  0.598078E+03  0.676325E+03  0.590460E+02  0.594040E+02  0.509326E+04  0.529680E+04  0.521079E+04 -0.128702E+00  0.489895E+04  0.262401E+04  0.189961E+03
  0.831430E-01  0.593695E+04  0.666696E+03  0.729015E+03  0.683719E+02  0.689208E+02  0.492412E+04  0.512043E+04  0.505116E+04 -0.124937E+00  0.472428E+04  0.197831E+04  0.221704E+03
  0.858947E-01  0.572900E+04  0.688496E+03  0.727016E+03  0.677452E+02  0.685806E+02  0.475845E+04  0.494808E+04  0.488511E+04 -0.121051E+00  0.456154E+04  0.126130E+04  0.257918E+03
  0.886463E-01  0.553332E+04  0.666980E+03  0.677355E+03  0.586761E+02  0.597790E+02  0.459597E+04  0.477938E+04  0.471363E+04 -0.117037E+00  0.440876E+04  0.528891E+03  0.293805E+03
  0.913980E-01  0.534888E+04  0.608184E+03  0.589618E+03  0.446098E+02  0.458688E+02  0.443686E+04  0.461441E+04  0.453879E+04 -0.112913E+00  0.426425E+04 -0.165846E+03  0.325372E+03
  0.941496E-01  0.517470E+04  0.520019E+03  0.474937E+03  0.296828E+02  0.309378E+02  0.428168E+04  0.445356E+04  0.436330E+04 -0.108724E+00  0.412665E+04 -0.776188E+03  0.349569E+03
  0.969012E-01  0.500988E+04  0.411491E+03  0.344994E+03  0.175186E+02  0.186126E+02  0.413117E+04  0.429746E+04  0.419015E+04 -0.104527E+00  0.399486E+04 -0.126471E+04  0.364355E+03
  0.996529E-01  0.485360E+04  0.292026E+03  0.211114E+03  0.103612E+02  0.111855E+02  0.398615E+04  0.414688E+04  0.402222E+04 -0.100389E+00  0.386809E+04 -0.160526E+04  0.368695E+03
  0.102405E+00  0.470511E+04  0.170783E+03  0.834911E+02  0.871268E+01  0.923315E+01  0.384742E+04  0.400261E+04  0.386203E+04 -0.963760E-01  0.374580E+04 -0.178410E+04  0.362495E+03
  0.105156E+00  0.456377E+04  0.560894E+02 -0.294076E+02  0.114877E+02  0.117472E+02  0.371563E+04  0.386539E+04  0.371160E+04 -0.925490E-01  0.362769E+04 -0.180007E+04  0.346489E+03
  0.107908E+00  0.442900E+04 -0.450438E+02 -0.121253E+03  0.165653E+02  0.166647E+02  0.359130E+04  0.373583E+04  0.357232E+04 -0.889588E-01  0.351361E+04 -0.166385E+04  0.322083E+03
  0.110659E+00  0.430030E+04 -0.127252E+03 -0.188057E+03  0.215336E+02  0.215978E+02  0.347472E+04  0.361434E+04  0.344497E+04 -0.856425E-01  0.340358E+04 -0.139636E+04  0.291173E+03
  0.113411E+00  0.417726E+04 -0.187007E+03 -0.228188E+03  0.244015E+02  0.245428E+02  0.336600E+04  0.350110E+04  0.332976E+04 -0.826217E-01  0.329768E+04 -0.102665E+04  0.255957E+03
  0.116163E+00  0.405950E+04 -0.222675E+03 -0.242209E+03  0.240943E+02  0.243825E+02  0.326503E+04  0.339606E+04  0.322643E+04 -0.799029E-01  0.319606E+04 -0.589206E+03  0.218742E+03
  0.118914E+00  0.394670E+04 -0.234433E+03 -0.232572E+03  0.206300E+02  0.210770E+02  0.317154E+04  0.329892E+04  0.313428E+04 -0.774781E-01  0.309884E+04 -0.121122E+03  0.181769E+03
  0.121666E+00  0.383860E+04 -0.224084E+03 -0.203214E+03  0.149714E+02  0.155345E+02  0.308506E+04  0.320917E+04  0.305227E+04 -0.753270E-01  0.300613E+04  0.340787E+03  0.147058E+03
  0.124418E+00  0.373496E+04 -0.194773E+03 -0.159084E+03  0.863844E+01  0.923768E+01  0.300500E+04  0.312613E+04  0.297909E+04 -0.734196E-01  0.291797E+04  0.762649E+03  0.116288E+03
  0.127169E+00  0.363556E+04 -0.150638E+03 -0.105649E+03  0.321429E+01  0.375954E+01  0.293062E+04  0.304896E+04  0.291322E+04 -0.717187E-01  0.283436E+04  0.111581E+04  0.907162E+02
  0.129921E+00  0.354021E+04 -0.964368E+02 -0.484195E+02 -0.106051E+00  0.312113E+00  0.286111E+04  0.297678E+04  0.285301E+04 -0.701832E-01  0.275520E+04  0.137858E+04  0.711277E+02
  0.132673E+00  0.344873E+04 -0.371568E+02  0.747987E+01 -0.807405E+00 -0.552244E+00  0.279560E+04  0.290866E+04  0.279679E+04 -0.687705E-01  0.268033E+04  0.153739E+04  0.578290E+02
  0.135424E+00  0.336096E+04  0.223515E+02  0.576540E+02  0.874631E+00  0.975848E+00  0.273323E+04  0.284371E+04  0.274293E+04 -0.674398E-01  0.260954E+04  0.158724E+04  0.506744E+02
  0.138176E+00  0.327673E+04  0.776919E+02  0.986931E+02  0.409728E+01  0.409289E+01  0.267318E+04  0.278110E+04  0.268998E+04 -0.661535E-01  0.254257E+04  0.153147E+04  0.491209E+02
  0.140927E+00  0.319589E+04  0.125187E+03  0.128321E+03  0.770531E+01  0.766642E+01  0.261473E+04  0.272014E+04  0.263676E+04 -0.648800E-01  0.247912E+04  0.138101E+04  0.523065E+02
  0.143679E+00  0.311827E+04  0.162066E+03  0.145441E+03  0.105795E+02  0.105782E+02  0.255729E+04  0.266027E+04  0.258240E+04 -0.635943E-01  0.241888E+04  0.115301E+04  0.591422E+02
  0.146431E+00  0.304373E+04  0.186570E+03  0.150084E+03  0.119373E+02  0.120263E+02  0.250046E+04  0.260107E+04  0.252644E+04 -0.622795E-01  0.236150E+04  0.869203E+03  0.684113E+02
  0.149182E+00  0.297211E+04  0.197986E+03  0.143276E+03  0.115092E+02  0.117082E+02  0.244397E+04  0.254231E+04  0.246879E+04 -0.609269E-01  0.230668E+04  0.553956E+03  0.788679E+02
  0.151934E+00  0.290325E+04  0.196594E+03  0.126843E+03  0.955424E+01  0.984727E+01  0.238776E+04  0.248391E+04  0.240969E+04 -0.595355E-01  0.225410E+04  0.232318E+03  0.893273E+02
  0.154686E+00  0.283701E+04  0.183563E+03  0.103175E+03  0.672936E+01  0.707170E+01  0.233191E+04  0.242591E+04  0.234966E+04 -0.581115E-01  0.220349E+04 -0.718967E+02  0.987438E+02
  0.157437E+00  0.277323E+04  0.160784E+03  0.749712E+02  0.386190E+01  0.419543E+01  0.227661E+04  0.236849E+04  0.228943E+04 -0.566667E-01  0.215460E+04 -0.337774E+03  0.106270E+03
  0.160189E+00  0.271179E+04  0.130674E+03  0.449880E+02  0.169963E+01  0.197054E+01  0.222213E+04  0.231190E+04  0.222977E+04 -0.552170E-01  0.210722E+04 -0.548661E+03  0.111296E+03
  0.162941E+00  0.265254E+04  0.959586E+02  0.158134E+02  0.709019E+00  0.883131E+00  0.216879E+04  0.225645E+04  0.217149E+04 -0.537807E-01  0.206119E+04 -0.693093E+03  0.113470E+03
  0.165692E+00  0.259536E+04  0.594493E+02 -0.103231E+02  0.973086E+00  0.104449E+01  0.211692E+04  0.220247E+04  0.211527E+04 -0.523763E-01  0.201638E+04 -0.765299E+03  0.112696E+03
  0.168444E+00  0.254014E+04  0.238426E+02 -0.316899E+02  0.220739E+01  0.219835E+01  0.206681E+04  0.215029E+04  0.206168E+04 -0.510212E-01  0.197272E+04 -0.765228E+03  0.109112E+03
  0.171195E+00  0.248676E+04 -0.846436E+01 -0.471377E+02  0.387794E+01  0.383071E+01  0.201871E+04  0.210018E+04  0.201113E+04 -0.497302E-01  0.193017E+04 -0.698157E+03  0.103060E+03
  0.173947E+00  0.243514E+04 -0.355149E+02 -0.561278E+02  0.537830E+01  0.534170E+01  0.197281E+04  0.205236E+04  0.196385E+04 -0.485145E-01  0.188872E+04 -0.573932E+03  0.950363E+02
  0.176699E+00  0.238518E+04 -0.558950E+02 -0.587078E+02  0.621037E+01  0.622533E+01  0.192923E+04  0.200698E+04  0.191990E+04 -0.473810E-01  0.184837E+04 -0.405916E+03  0.856406E+02
  0.179450E+00  0.233680E+04 -0.687839E+02 -0.554424E+02  0.611776E+01  0.620606E+01  0.188802E+04  0.196411E+04  0.187923E+04 -0.463322E-01  0.180916E+04 -0.209751E+03  0.755227E+02
  0.182202E+00  0.228994E+04 -0.739591E+02 -0.473101E+02  0.513830E+01  0.529756E+01  0.184915E+04  0.192370E+04  0.184164E+04 -0.453667E-01  0.177112E+04 -0.203872E+01  0.653280E+02
  0.184954E+00  0.224453E+04 -0.717665E+02 -0.355767E+02  0.356820E+01  0.377409E+01  0.181253E+04  0.188566E+04  0.180686E+04 -0.444790E-01  0.173428E+04  0.200960E+03  0.556512E+02
  0.187705E+00  0.220050E+04 -0.630397E+02 -0.216598E+02  0.185557E+01  0.207028E+01  0.177801E+04  0.184981E+04  0.177453E+04 -0.436610E-01  0.169867E+04  0.384509E+03  0.469976E+02
  0.190457E+00  0.215782E+04 -0.490025E+02 -0.699502E+01  0.459529E+00  0.643664E+00  0.174537E+04  0.181591E+04  0.174424E+04 -0.429021E-01  0.166429E+04  0.536374E+03  0.397541E+02
  0.193209E+00  0.211642E+04 -0.311494E+02  0.708423E+01 -0.282180E+00 -0.158024E+00  0.171437E+04  0.178370E+04  0.171553E+04 -0.421906E-01  0.163113E+04  0.647558E+03  0.341732E+02
  0.195960E+00  0.207626E+04 -0.111134E+02  0.194455E+02 -0.240436E+00 -0.187595E+00  0.168474E+04  0.175286E+04  0.168797E+04 -0.415144E-01  0.159920E+04  0.712727E+03  0.303669E+02
  0.198712E+00  0.203730E+04  0.945749E+01  0.292289E+02  0.484388E+00  0.475000E+00  0.165618E+04  0.172313E+04  0.166110E+04 -0.408618E-01  0.156844E+04  0.730338E+03  0.283123E+02
  0.201463E+00  0.199950E+04  0.290220E+02  0.358878E+02  0.160844E+01  0.156263E+01  0.162844E+04  0.169422E+04  0.163455E+04 -0.402223E-01  0.153881E+04  0.702476E+03  0.278668E+02
  0.204215E+00  0.196282E+04  0.462426E+02  0.391996E+02  0.275888E+01  0.271088E+01  0.160125E+04  0.166589E+04  0.160801E+04 -0.395869E-01  0.151026E+04  0.634429E+03  0.287895E+02
  0.206967E+00  0.192722E+04  0.600634E+02  0.392480E+02  0.358208E+01  0.356682E+01  0.157442E+04  0.163794E+04  0.158125E+04 -0.389488E-01  0.148271E+04  0.534052E+03  0.307689E+02
  0.209718E+00  0.189265E+04  0.697627E+02  0.363818E+02  0.384024E+01  0.388714E+01  0.154780E+04  0.161023E+04  0.155418E+04 -0.383039E-01  0.145610E+04  0.410996E+03  0.334523E+02
  0.212470E+00  0.185908E+04  0.749708E+02  0.311560E+02  0.347583E+01  0.385282E+01  0.152131E+04  0.158267E+04  0.152679E+04 -0.376506E-01  0.143035E+04  0.275852E+03  0.364753E+02
  0.215222E+00  0.182648E+04  0.756706E+02  0.242621E+02  0.261555E+01  0.288409E+01  0.149490E+04  0.155523E+04  0.149915E+04 -0.369876E-01  0.140539E+04  0.139289E+03  0.394898E+02
  0.217973E+00  0.179480E+04  0.721658E+02  0.164551E+02  0.152090E+01  0.162398E+01  0.146860E+04  0.152791E+04  0.147146E+04 -0.363185E-01  0.138114E+04  0.112679E+02  0.421872E+02
  0.226691E+00  0.170012E+04  0.410258E+02 -0.630904E+01 -0.319177E+00 -0.588082E+00  0.138697E+04  0.144307E+04  0.138589E+04 -0.342099E-01  0.130841E+04 -0.252891E+03  0.462333E+02
  0.235758E+00  0.160991E+04  0.494604E+00 -0.150063E+02  0.178636E+01  0.191268E+01  0.130776E+04  0.136056E+04  0.130540E+04 -0.321758E-01  0.123826E+04 -0.225413E+03  0.416757E+02
  0.245187E+00  0.152392E+04 -0.211151E+02 -0.696862E+01  0.195188E+01  0.227474E+01  0.123471E+04  0.128454E+04  0.123370E+04 -0.303644E-01  0.117064E+04  0.241739E+02  0.313883E+02
  0.254993E+00  0.144192E+04 -0.124211E+02  0.621782E+01 -0.204170E+00 -0.399416E+00  0.116931E+04  0.121660E+04  0.117033E+04 -0.287989E-01  0.110610E+04  0.266718E+03  0.220972E+02
  0.265191E+00  0.136381E+04  0.132634E+02  0.111932E+02  0.890888E+00  0.860333E+00  0.110974E+04  0.115457E+04  0.111168E+04 -0.273742E-01  0.104518E+04  0.307185E+03  0.186811E+02
  0.275797E+00  0.128950E+04  0.307480E+02  0.564878E+01  0.141776E+01  0.176331E+01  0.105202E+04  0.109449E+04  0.105307E+04 -0.259528E-01  0.987870E+03  0.149762E+03  0.203992E+02
  0.286828E+00  0.121890E+04  0.260353E+02 -0.165467E+01 -0.218141E+00 -0.398812E+00  0.993885E+03  0.103409E+04  0.993592E+03 -0.244889E-01  0.933643E+03 -0.243215E+02  0.224198E+02
  0.298299E+00  0.115184E+04  0.806000E+01 -0.269023E+01  0.880666E+00  0.898700E+00  0.936790E+03  0.974632E+03  0.936409E+03 -0.230575E-01  0.881921E+03 -0.509823E+02  0.209936E+02
  0.310230E+00  0.108814E+04 -0.295430E+01  0.105221E+01  0.608867E+00  0.847145E+00  0.883408E+03  0.919094E+03  0.883631E+03 -0.217483E-01  0.832509E+03  0.533459E+02  0.168597E+02
  0.322637E+00  0.102762E+04  0.189816E+01  0.305771E+01 -0.530073E-01 -0.324183E+00  0.834934E+03  0.868707E+03  0.835441E+03 -0.205704E-01  0.785602E+03  0.138533E+03  0.134629E+02
  0.335541E+00  0.970161E+03  0.122492E+02  0.149743E+01  0.869850E+00  0.110862E+01  0.789860E+03  0.821752E+03  0.790177E+03 -0.194611E-01  0.741310E+03  0.112838E+03  0.125731E+02
  0.348961E+00  0.915643E+03  0.139054E+02 -0.648428E-01 -0.147907E+00 -0.236757E+00  0.745773E+03  0.775937E+03  0.745751E+03 -0.183656E-01  0.699436E+03  0.373144E+02  0.127369E+02
  0.362918E+00  0.863949E+03  0.693124E+01  0.289019E+00  0.614665E+00  0.636345E+00  0.702781E+03  0.731172E+03  0.702877E+03 -0.173015E-01  0.659679E+03  0.156501E+02  0.119124E+02
  0.377433E+00  0.814950E+03  0.250266E+01  0.826548E+00 -0.262371E-01  0.491293E-01  0.662300E+03  0.689078E+03  0.662436E+03 -0.163084E-01  0.621917E+03  0.520707E+02  0.101350E+02
  0.392528E+00  0.768516E+03  0.518889E+01  0.570967E+00  0.410240E+00  0.320137E+00  0.624996E+03  0.650254E+03  0.625123E+03 -0.153910E-01  0.586199E+03  0.734024E+02  0.876957E+01
  0.408227E+00  0.724531E+03  0.808838E+01  0.380075E+00 -0.128278E-01  0.109140E+00  0.589694E+03  0.613533E+03  0.589756E+03 -0.145195E-01  0.552461E+03  0.519383E+02  0.823050E+01
  0.424554E+00  0.682882E+03  0.620553E+01  0.379175E+00  0.353073E+00  0.267636E+00  0.555591E+03  0.578044E+03  0.555681E+03 -0.136781E-01  0.520522E+03  0.312083E+02  0.773675E+01
  0.441534E+00  0.643458E+03  0.375047E+01  0.269398E+00 -0.773406E-01 -0.155089E-01  0.523193E+03  0.544349E+03  0.523232E+03 -0.128810E-01  0.490258E+03  0.386062E+02  0.686663E+01
  0.459193E+00  0.606157E+03  0.444405E+01  0.289041E+00  0.324658E+00  0.340461E+00  0.493014E+03  0.512934E+03  0.493087E+03 -0.121376E-01  0.461655E+03  0.470721E+02  0.606067E+01
  0.477558E+00  0.570881E+03  0.527180E+01  0.287114E+00 -0.534462E-01 -0.130161E+00  0.464466E+03  0.483251E+03  0.464510E+03 -0.114343E-01  0.434655E+03  0.377317E+02  0.557936E+01
  0.496658E+00  0.537528E+03  0.417531E+01  0.165792E+00  0.136475E+00  0.282722E+00  0.437229E+03  0.454896E+03  0.437267E+03 -0.107633E-01  0.409129E+03  0.308319E+02  0.511304E+01
  0.516522E+00  0.506002E+03  0.354585E+01  0.183117E+00  0.156326E+00  0.257702E-01  0.411518E+03  0.428157E+03  0.411561E+03 -0.101301E-01  0.384995E+03  0.342950E+02  0.455776E+01
  0.537180E+00  0.476212E+03  0.387686E+01  0.178354E+00 -0.618994E-01 -0.169973E-01  0.387370E+03  0.403034E+03  0.387395E+03 -0.953566E-02  0.362218E+03  0.326532E+02  0.411836E+01
  0.558664E+00  0.448074E+03  0.355856E+01  0.120266E+00  0.971026E-01  0.182768E+00  0.364476E+03  0.379206E+03  0.364503E+03 -0.897166E-02  0.340718E+03  0.279107E+02  0.375863E+01
  0.581008E+00  0.421503E+03  0.312029E+01  0.119734E+00  0.137816E+00  0.483796E-01  0.342823E+03  0.356683E+03  0.342854E+03 -0.843848E-02  0.320416E+03  0.277517E+02  0.338136E+01
  0.604245E+00  0.396418E+03  0.310610E+01  0.109531E+00 -0.477330E-02 -0.348044E-01  0.322443E+03  0.335482E+03  0.322461E+03 -0.793681E-02  0.301263E+03  0.264752E+02  0.305272E+01
  0.628412E+00  0.372744E+03  0.288115E+01  0.822892E-01 -0.359449E-01  0.387077E-01  0.303184E+03  0.315442E+03  0.303195E+03 -0.746255E-02  0.283196E+03  0.239973E+02  0.276881E+01
  0.653545E+00  0.350410E+03  0.265546E+01  0.798066E-01  0.359387E-01  0.882275E-01  0.285012E+03  0.296532E+03  0.285028E+03 -0.701518E-02  0.266157E+03  0.231477E+02  0.249603E+01
  0.816179E+00  0.245961E+03  0.187096E+01  0.371378E-01 -0.213023E-01  0.182651E-01  0.200056E+03  0.208144E+03  0.200060E+03 -0.492374E-02  0.186575E+03  0.161971E+02  0.140130E+01
  0.101928E+01  0.171611E+03  0.130010E+01  0.158726E-01  0.246294E-01  0.105452E-01  0.139581E+03  0.145225E+03  0.139586E+03 -0.343515E-02  0.130033E+03  0.113161E+02  0.781848E+00
  0.127293E+01  0.119092E+03  0.898116E+00  0.712979E-02  0.859317E-02  0.498600E-02  0.968636E+02  0.100780E+03  0.968654E+02 -0.238379E-02  0.901548E+02  0.786234E+01  0.433969E+00
  0.158970E+01  0.822450E+02  0.618569E+00  0.315907E-02 -0.855761E-03 -0.226029E-02  0.668938E+02  0.695986E+02  0.668942E+02 -0.164621E-02  0.622121E+02  0.543373E+01  0.239757E+00
  0.198529E+01  0.565506E+02  0.424920E+00  0.139374E-02  0.280161E-02  0.373416E-02  0.459954E+02  0.478550E+02  0.459959E+02 -0.113190E-02  0.427473E+02  0.373795E+01  0.131901E+00
  0.247933E+01  0.387296E+02  0.290769E+00  0.612460E-03  0.105188E-02  0.887681E-03  0.315006E+02  0.327743E+02  0.315008E+02 -0.775191E-03  0.292591E+02  0.256079E+01  0.722857E-01
  0.309631E+01  0.264295E+02  0.198318E+00  0.268157E-03 -0.174720E-03 -0.781115E-04  0.214963E+02  0.223655E+02  0.214963E+02 -0.528994E-03  0.199564E+02  0.174786E+01  0.394762E-01
  0.386683E+01  0.179769E+02  0.134867E+00  0.117020E-03 -0.305257E-03 -0.222078E-03  0.146214E+02  0.152126E+02  0.146214E+02 -0.359811E-03  0.135679E+02  0.118903E+01  0.214897E-01
  0.482908E+01  0.121911E+02  0.914655E-01  0.509112E-04 -0.100415E-03 -0.499685E-04  0.991559E+01  0.103165E+02  0.991559E+01 -0.244008E-03  0.919745E+01  0.806419E+00  0.116642E-01
  0.603079E+01  0.824496E+01  0.618375E-01  0.220881E-04  0.737689E-04  0.483755E-04  0.670600E+01  0.697715E+01  0.670601E+01 -0.165024E-03  0.621808E+01  0.545422E+00  0.631417E-02
  0.753155E+01  0.556221E+01  0.417199E-01  0.955878E-05  0.249539E-04  0.962768E-06  0.452400E+01  0.470692E+01  0.452400E+01 -0.111328E-03  0.419349E+01  0.367968E+00  0.340965E-02
  0.940577E+01  0.374377E+01  0.280815E-01  0.412696E-05 -0.128203E-04 -0.171892E-05  0.304498E+01  0.316810E+01  0.304498E+01 -0.749320E-04  0.282170E+01  0.247677E+00  0.183705E-02
  0.117464E+02  0.251449E+01  0.188599E-01  0.177796E-05 -0.131416E-04 -0.729499E-05  0.204515E+01  0.212785E+01  0.204515E+01 -0.503279E-04  0.189469E+01  0.166355E+00  0.987704E-03
  0.146695E+02  0.168556E+01  0.126426E-01  0.764454E-06 -0.485703E-05 -0.619806E-05  0.137094E+01  0.142637E+01  0.137094E+01 -0.337367E-04  0.126977E+01  0.111516E+00  0.530023E-03
  0.183199E+02  0.112785E+01  0.845975E-02  0.328082E-06 -0.299975E-05 -0.387828E-06  0.917331E+00  0.954422E+00  0.917331E+00 -0.225741E-04  0.849448E+00  0.746186E-01  0.283914E-03
  0.228788E+02  0.753408E+00  0.565134E-02  0.140563E-06  0.126207E-05 -0.506377E-06  0.612781E+00  0.637558E+00  0.612781E+00 -0.150796E-04  0.567320E+00  0.498458E-01  0.151830E-03
  0.285722E+02  0.502496E+00  0.376932E-02  0.601279E-07  0.288948E-06 -0.454860E-06  0.408703E+00  0.425228E+00  0.408703E+00 -0.100575E-04  0.378311E+00  0.332453E-01  0.810703E-04
  0.356824E+02  0.334661E+00  0.251041E-02  0.256825E-07  0.790980E-07  0.201172E-08  0.272195E+00  0.283201E+00  0.272195E+00 -0.669828E-05  0.251910E+00  0.221411E-01  0.432257E-04
  0.445619E+02  0.222582E+00  0.166969E-02  0.109547E-07 -0.163943E-06  0.100092E-06  0.181036E+00  0.188356E+00  0.181036E+00 -0.445500E-05  0.167518E+00  0.147257E-01  0.230166E-04
  0.556510E+02  0.147851E+00  0.110912E-02  0.466667E-08 -0.129666E-06 -0.269435E-07  0.120254E+00  0.125116E+00  0.120254E+00 -0.295926E-05  0.111258E+00  0.978130E-02  0.122404E-04
  0.694997E+02  0.980946E-01  0.735853E-03  0.198557E-08 -0.616566E-10  0.105277E-07  0.797848E-01  0.830108E-01  0.797848E-01 -0.196338E-05  0.738058E-01  0.648923E-02  0.650194E-05
  0.867947E+02  0.650105E-01  0.487660E-03  0.843866E-09 -0.257003E-07 -0.181683E-07  0.528760E-01  0.550140E-01  0.528760E-01 -0.130119E-05  0.489072E-01  0.430024E-02  0.344995E-05
  0.108393E+03  0.430397E-01  0.322829E-03  0.358247E-09 -0.499889E-08 -0.142067E-07  0.350062E-01  0.364216E-01  0.350062E-01 -0.861445E-06  0.323747E-01  0.284653E-02  0.182868E-05
  0.135367E+03  0.284662E-01  0.213491E-03  0.151933E-09 -0.916029E-08 -0.495629E-08  0.231528E-01  0.240890E-01  0.231528E-01 -0.569754E-06  0.214099E-01  0.188225E-02  0.968369E-06
  0.169053E+03  0.188099E-01  0.141042E-03  0.643694E-10 -0.261487E-08 -0.222265E-08  0.152990E-01  0.159176E-01  0.152990E-01 -0.376483E-06  0.141457E-01  0.124331E-02  0.512333E-06
  0.211122E+03  0.124184E-01  0.930857E-04  0.272449E-10 -0.154610E-08 -0.370947E-10  0.101005E-01  0.105089E-01  0.101004E-01 -0.248556E-06  0.933815E-02  0.820383E-03  0.270830E-06
  0.263659E+03  0.819194E-02  0.613724E-04  0.115209E-10 -0.112442E-08 -0.620873E-09  0.666287E-02  0.693228E-02  0.666287E-02 -0.163963E-06  0.615942E-02  0.540702E-03  0.143054E-06
  0.329270E+03  0.539970E-02  0.404195E-04  0.486676E-11 -0.387233E-09 -0.718489E-10  0.439181E-02  0.456939E-02  0.439181E-02 -0.108075E-06  0.405960E-02  0.355916E-03  0.755066E-07
  0.411209E+03  0.355656E-02  0.265875E-04  0.205328E-11  0.115518E-09  0.278758E-09  0.289270E-02  0.300967E-02  0.289270E-02 -0.711848E-07  0.267366E-02  0.233928E-03  0.398276E-07
  0.513537E+03  0.234092E-02  0.174636E-04  0.865240E-12 -0.125507E-09 -0.455187E-10  0.190397E-02  0.198095E-02  0.190397E-02 -0.468536E-07  0.175966E-02  0.153460E-03  0.209957E-07
  0.641331E+03  0.153977E-02  0.114497E-04  0.364087E-12 -0.688788E-10 -0.221859E-11  0.125235E-02  0.130299E-02  0.125235E-02 -0.308183E-07  0.115734E-02  0.100417E-03  0.110628E-07
  0.800925E+03  0.101216E-02  0.748845E-05  0.152898E-12  0.120694E-10  0.380482E-10  0.823217E-03  0.856503E-03  0.823217E-03 -0.202581E-07  0.760715E-03  0.654763E-04  0.582701E-08
  0.100023E+04  0.664933E-03  0.488091E-05  0.640382E-13  0.110971E-11 -0.124107E-10  0.540805E-03  0.562671E-03  0.540805E-03 -0.133083E-07  0.499714E-03  0.424750E-04  0.306864E-08
  0.124914E+04  0.436575E-03  0.316560E-05  0.267154E-13 -0.488149E-11 -0.672705E-11  0.355070E-03  0.369427E-03  0.355070E-03 -0.873770E-08  0.328075E-03  0.273445E-04  0.161610E-08
  0.155999E+04  0.286485E-03  0.203810E-05  0.110824E-13  0.619094E-13  0.145573E-11  0.232995E-03  0.242415E-03  0.232995E-03 -0.573362E-08  0.215272E-03  0.174020E-04  0.851454E-09
  0.194819E+04  0.187896E-03  0.129786E-05  0.455757E-14 -0.863862E-12 -0.238609E-11  0.152807E-03  0.158986E-03  0.152807E-03 -0.376035E-08  0.141180E-03  0.108814E-04  0.448965E-09
  0.243300E+04  0.123173E-03  0.812935E-06  0.185513E-14  0.807361E-13  0.113480E-11  0.100165E-03  0.104215E-03  0.100165E-03 -0.246491E-08  0.925430E-04  0.662276E-05  0.237060E-09
  0.303844E+04  0.807055E-04  0.496768E-06  0.740309E-15 -0.560360E-13  0.194349E-11  0.656253E-04  0.682788E-04  0.656253E-04 -0.161493E-08  0.606325E-04  0.386690E-05  0.125412E-09
  0.379456E+04  0.528559E-04  0.292703E-06  0.291478E-15  0.176938E-12 -0.159180E-11  0.429747E-04  0.447123E-04  0.429747E-04 -0.105754E-08  0.397070E-04  0.211864E-05  0.664961E-10
  0.473883E+04  0.346012E-04  0.163705E-06  0.110511E-15 -0.222855E-12 -0.103057E-11  0.281285E-04  0.292659E-04  0.281285E-04 -0.692197E-09  0.259918E-04  0.105389E-05  0.353259E-10
  0.591808E+04  0.226416E-04  0.853365E-07  0.422447E-16  0.707837E-13 -0.114394E-11  0.184029E-04  0.191470E-04  0.184029E-04 -0.452865E-09  0.170068E-04  0.454188E-06  0.187754E-10
  0.739079E+04  0.148097E-04  0.408550E-07  0.149558E-16 -0.864902E-13  0.929740E-12  0.120349E-04  0.125215E-04  0.120349E-04 -0.296160E-09  0.111232E-04  0.160062E-06  0.995745E-11
  0.922998E+04  0.968311E-05  0.179985E-07  0.601368E-17  0.422653E-13 -0.349241E-12  0.786758E-05  0.818569E-05  0.786758E-05 -0.193608E-09  0.727225E-05  0.445455E-07  0.525658E-11
  0.115268E+05  0.632879E-05  0.751791E-08  0.206532E-17 -0.339996E-13  0.155757E-13  0.514155E-05  0.534944E-05  0.514155E-05 -0.126525E-09  0.475277E-05  0.111626E-07  0.276133E-11
  0.143953E+05  0.413495E-05  0.310717E-08  0.109924E-17  0.176857E-13  0.234419E-12  0.335899E-05  0.349481E-05  0.335899E-05 -0.826594E-10  0.310506E-05  0.380304E-08  0.144618E-11
  0.179775E+05  0.270066E-05  0.129705E-08  0.318192E-18  0.123764E-13  0.314950E-12  0.219375E-05  0.228245E-05  0.219375E-05 -0.539845E-10  0.202789E-05  0.169221E-08  0.756582E-12
