    0.10000E-03    0.17923E-02
    0.10202E-03    0.18273E-02
    0.10408E-03    0.18629E-02
    0.10618E-03    0.18992E-02
    0.10833E-03    0.19362E-02
    0.11052E-03    0.19739E-02
    0.11275E-03    0.20124E-02
    0.11503E-03    0.20516E-02
    0.11735E-03    0.20916E-02
    0.11972E-03    0.21323E-02
    0.12214E-03    0.21739E-02
    0.12461E-03    0.22162E-02
    0.12712E-03    0.22594E-02
    0.12969E-03    0.23035E-02
    0.13231E-03    0.23483E-02
    0.13499E-03    0.23941E-02
    0.13771E-03    0.24408E-02
    0.14049E-03    0.24883E-02
    0.14333E-03    0.25368E-02
    0.14623E-03    0.25862E-02
    0.14918E-03    0.26366E-02
    0.15220E-03    0.26880E-02
    0.15527E-03    0.27404E-02
    0.15841E-03    0.27938E-02
    0.16161E-03    0.28482E-02
    0.16487E-03    0.29037E-02
    0.16820E-03    0.29603E-02
    0.17160E-03    0.30180E-02
    0.17507E-03    0.30768E-02
    0.17860E-03    0.31368E-02
    0.18221E-03    0.31979E-02
    0.18589E-03    0.32602E-02
    0.18965E-03    0.33237E-02
    0.19348E-03    0.33885E-02
    0.19739E-03    0.34545E-02
    0.20138E-03    0.35218E-02
    0.20544E-03    0.35904E-02
    0.20959E-03    0.36604E-02
    0.21383E-03    0.37317E-02
    0.21815E-03    0.38044E-02
    0.22255E-03    0.38786E-02
    0.22705E-03    0.39541E-02
    0.23164E-03    0.40312E-02
    0.23632E-03    0.41097E-02
    0.24109E-03    0.41898E-02
    0.24596E-03    0.42714E-02
    0.25093E-03    0.43547E-02
    0.25600E-03    0.44395E-02
    0.26117E-03    0.45260E-02
    0.26645E-03    0.46142E-02
    0.27183E-03    0.47041E-02
    0.27732E-03    0.47957E-02
    0.28292E-03    0.48892E-02
    0.28864E-03    0.49844E-02
    0.29447E-03    0.50815E-02
    0.30042E-03    0.51805E-02
    0.30649E-03    0.52814E-02
    0.31268E-03    0.53843E-02
    0.31899E-03    0.54892E-02
    0.32544E-03    0.55962E-02
    0.33201E-03    0.57052E-02
    0.33872E-03    0.58163E-02
    0.34556E-03    0.59296E-02
    0.35254E-03    0.60451E-02
    0.35966E-03    0.61629E-02
    0.36693E-03    0.62830E-02
    0.37434E-03    0.64053E-02
    0.38190E-03    0.65301E-02
    0.38962E-03    0.66573E-02
    0.39749E-03    0.67870E-02
    0.40552E-03    0.69192E-02
    0.41371E-03    0.70539E-02
    0.42207E-03    0.71913E-02
    0.43060E-03    0.73314E-02
    0.43929E-03    0.74742E-02
    0.44817E-03    0.76198E-02
    0.45722E-03    0.77682E-02
    0.46646E-03    0.79194E-02
    0.47588E-03    0.80737E-02
    0.48550E-03    0.82309E-02
    0.49530E-03    0.83912E-02
    0.50531E-03    0.85546E-02
    0.51552E-03    0.87211E-02
    0.52593E-03    0.88909E-02
    0.53656E-03    0.90641E-02
    0.54739E-03    0.92405E-02
    0.55845E-03    0.94204E-02
    0.56973E-03    0.96038E-02
    0.58124E-03    0.97908E-02
    0.59299E-03    0.99814E-02
    0.60496E-03    0.10176E-01
    0.61719E-03    0.10374E-01
    0.62965E-03    0.10576E-01
    0.64237E-03    0.10782E-01
    0.65535E-03    0.10991E-01
    0.66859E-03    0.11205E-01
    0.68210E-03    0.11423E-01
    0.69588E-03    0.11646E-01
    0.70993E-03    0.11872E-01
    0.72427E-03    0.12103E-01
    0.73891E-03    0.12339E-01
    0.75383E-03    0.12579E-01
    0.76906E-03    0.12823E-01
    0.78460E-03    0.13073E-01
    0.80045E-03    0.13327E-01
    0.81662E-03    0.13586E-01
    0.83311E-03    0.13851E-01
    0.84994E-03    0.14120E-01
    0.86711E-03    0.14394E-01
    0.88463E-03    0.14674E-01
    0.90250E-03    0.14960E-01
    0.92073E-03    0.15250E-01
    0.93933E-03    0.15547E-01
    0.95831E-03    0.15849E-01
    0.97767E-03    0.16157E-01
    0.99742E-03    0.16471E-01
    0.10176E-02    0.16791E-01
    0.10381E-02    0.17117E-01
    0.10591E-02    0.17449E-01
    0.10805E-02    0.17788E-01
    0.11023E-02    0.18134E-01
    0.11246E-02    0.18486E-01
    0.11473E-02    0.18844E-01
    0.11705E-02    0.19210E-01
    0.11941E-02    0.19583E-01
    0.12182E-02    0.19963E-01
    0.12429E-02    0.20350E-01
    0.12680E-02    0.20745E-01
    0.12936E-02    0.21147E-01
    0.13197E-02    0.21557E-01
    0.13464E-02    0.21975E-01
    0.13736E-02    0.22401E-01
    0.14013E-02    0.22835E-01
    0.14296E-02    0.23277E-01
    0.14585E-02    0.23728E-01
    0.14880E-02    0.24187E-01
    0.15180E-02    0.24655E-01
    0.15487E-02    0.25132E-01
    0.15800E-02    0.25618E-01
    0.16119E-02    0.26113E-01
    0.16445E-02    0.26618E-01
    0.16777E-02    0.27133E-01
    0.17116E-02    0.27657E-01
    0.17462E-02    0.28191E-01
    0.17814E-02    0.28735E-01
    0.18174E-02    0.29289E-01
    0.18541E-02    0.29854E-01
    0.18916E-02    0.30430E-01
    0.19298E-02    0.31016E-01
    0.19688E-02    0.31614E-01
    0.20086E-02    0.32222E-01
    0.20491E-02    0.32842E-01
    0.20905E-02    0.33474E-01
    0.21328E-02    0.34118E-01
    0.21758E-02    0.34773E-01
    0.22198E-02    0.35441E-01
    0.22646E-02    0.36121E-01
    0.23104E-02    0.36813E-01
    0.23571E-02    0.37519E-01
    0.24047E-02    0.38238E-01
    0.24533E-02    0.38969E-01
    0.25028E-02    0.39715E-01
    0.25534E-02    0.40473E-01
    0.26050E-02    0.41246E-01
    0.26576E-02    0.42033E-01
    0.27113E-02    0.42834E-01
    0.27660E-02    0.43650E-01
    0.28219E-02    0.44480E-01
    0.28789E-02    0.45326E-01
    0.29371E-02    0.46186E-01
    0.29964E-02    0.47062E-01
    0.30569E-02    0.47954E-01
    0.31187E-02    0.48862E-01
    0.31817E-02    0.49785E-01
    0.32460E-02    0.50725E-01
    0.33115E-02    0.51681E-01
    0.33784E-02    0.52654E-01
    0.34467E-02    0.53644E-01
    0.35163E-02    0.54651E-01
    0.35874E-02    0.55675E-01
    0.36598E-02    0.56717E-01
    0.37338E-02    0.57777E-01
    0.38092E-02    0.58854E-01
    0.38861E-02    0.59950E-01
    0.39646E-02    0.61064E-01
    0.40447E-02    0.62196E-01
    0.41264E-02    0.63347E-01
    0.42098E-02    0.64517E-01
    0.42948E-02    0.65705E-01
    0.43816E-02    0.66913E-01
    0.44701E-02    0.68140E-01
    0.45604E-02    0.69386E-01
    0.46525E-02    0.70652E-01
    0.47465E-02    0.71937E-01
    0.48424E-02    0.73242E-01
    0.49402E-02    0.74567E-01
    0.50400E-02    0.75911E-01
    0.51419E-02    0.77276E-01
    0.52457E-02    0.78660E-01
    0.53517E-02    0.80064E-01
    0.54598E-02    0.81487E-01
    0.55701E-02    0.82931E-01
    0.56826E-02    0.84394E-01
    0.57974E-02    0.85876E-01
    0.59145E-02    0.87378E-01
    0.60340E-02    0.88900E-01
    0.61559E-02    0.90441E-01
    0.62803E-02    0.92000E-01
    0.64072E-02    0.93578E-01
    0.65366E-02    0.95175E-01
    0.66686E-02    0.96790E-01
    0.68033E-02    0.98422E-01
    0.69408E-02    0.10007E+00
    0.70810E-02    0.10174E+00
    0.72240E-02    0.10342E+00
    0.73700E-02    0.10512E+00
    0.75189E-02    0.10683E+00
    0.76708E-02    0.10856E+00
    0.78257E-02    0.11031E+00
    0.79838E-02    0.11206E+00
    0.81451E-02    0.11383E+00
    0.83096E-02    0.11561E+00
    0.84775E-02    0.11740E+00
    0.86488E-02    0.11920E+00
    0.88235E-02    0.12100E+00
    0.90017E-02    0.12282E+00
    0.91836E-02    0.12464E+00
    0.93691E-02    0.12646E+00
    0.95583E-02    0.12829E+00
    0.97514E-02    0.13012E+00
    0.99484E-02    0.13195E+00
    0.10149E-01    0.13378E+00
    0.10354E-01    0.13560E+00
    0.10564E-01    0.13742E+00
    0.10777E-01    0.13924E+00
    0.10995E-01    0.14104E+00
    0.11217E-01    0.14283E+00
    0.11443E-01    0.14461E+00
    0.11675E-01    0.14637E+00
    0.11910E-01    0.14812E+00
    0.12151E-01    0.14984E+00
    0.12397E-01    0.15154E+00
    0.12647E-01    0.15321E+00
    0.12902E-01    0.15486E+00
    0.13163E-01    0.15647E+00
    0.13429E-01    0.15805E+00
    0.13700E-01    0.15959E+00
    0.13977E-01    0.16109E+00
    0.14259E-01    0.16254E+00
    0.14547E-01    0.16395E+00
    0.14841E-01    0.16531E+00
    0.15141E-01    0.16661E+00
    0.15447E-01    0.16786E+00
    0.15759E-01    0.16905E+00
    0.16077E-01    0.17017E+00
    0.16402E-01    0.17123E+00
    0.16734E-01    0.17221E+00
    0.17072E-01    0.17312E+00
    0.17416E-01    0.17396E+00
    0.17768E-01    0.17471E+00
    0.18127E-01    0.17538E+00
    0.18493E-01    0.17596E+00
    0.18867E-01    0.17646E+00
    0.19248E-01    0.17686E+00
    0.19637E-01    0.17717E+00
    0.20034E-01    0.17738E+00
    0.20438E-01    0.17749E+00
    0.20851E-01    0.17750E+00
    0.21272E-01    0.17741E+00
    0.21702E-01    0.17721E+00
    0.22141E-01    0.17691E+00
    0.22588E-01    0.17650E+00
    0.23044E-01    0.17599E+00
    0.23510E-01    0.17537E+00
    0.23985E-01    0.17464E+00
    0.24469E-01    0.17380E+00
    0.24964E-01    0.17287E+00
    0.25468E-01    0.17182E+00
    0.25982E-01    0.17068E+00
    0.26507E-01    0.16943E+00
    0.27043E-01    0.16809E+00
    0.27589E-01    0.16666E+00
    0.28146E-01    0.16514E+00
    0.28715E-01    0.16353E+00
    0.29295E-01    0.16183E+00
    0.29887E-01    0.16007E+00
    0.30490E-01    0.15823E+00
    0.31106E-01    0.15632E+00
    0.31735E-01    0.15436E+00
    0.32376E-01    0.15234E+00
    0.33030E-01    0.15027E+00
    0.33697E-01    0.14817E+00
    0.34378E-01    0.14603E+00
    0.35072E-01    0.14387E+00
    0.35781E-01    0.14169E+00
    0.36504E-01    0.13949E+00
    0.37241E-01    0.13730E+00
    0.37993E-01    0.13510E+00
    0.38761E-01    0.13292E+00
    0.39544E-01    0.13076E+00
    0.40343E-01    0.12862E+00
    0.41158E-01    0.12651E+00
    0.41989E-01    0.12444E+00
    0.42838E-01    0.12241E+00
    0.43703E-01    0.12043E+00
    0.44586E-01    0.11850E+00
    0.45486E-01    0.11662E+00
    0.46405E-01    0.11481E+00
    0.47343E-01    0.11305E+00
    0.48299E-01    0.11135E+00
    0.49275E-01    0.10972E+00
    0.50270E-01    0.10815E+00
    0.51286E-01    0.10663E+00
    0.52322E-01    0.10517E+00
    0.53379E-01    0.10375E+00
    0.54457E-01    0.10239E+00
    0.55557E-01    0.10106E+00
    0.56680E-01    0.99756E-01
    0.57825E-01    0.98478E-01
    0.58993E-01    0.97213E-01
    0.60184E-01    0.95949E-01
    0.61400E-01    0.94677E-01
    0.62641E-01    0.93385E-01
    0.63906E-01    0.92063E-01
    0.65197E-01    0.90700E-01
    0.66514E-01    0.89284E-01
    0.67858E-01    0.87808E-01
    0.69229E-01    0.86262E-01
    0.70627E-01    0.84641E-01
    0.72054E-01    0.82940E-01
    0.73510E-01    0.81158E-01
    0.74994E-01    0.79294E-01
    0.76509E-01    0.77353E-01
    0.78055E-01    0.75341E-01
    0.79632E-01    0.73267E-01
    0.81241E-01    0.71145E-01
    0.82882E-01    0.68989E-01
    0.84556E-01    0.66817E-01
    0.86264E-01    0.64647E-01
    0.88007E-01    0.62499E-01
    0.89785E-01    0.60395E-01
    0.91598E-01    0.58352E-01
    0.93449E-01    0.56391E-01
    0.95337E-01    0.54526E-01
    0.97263E-01    0.52773E-01
    0.99227E-01    0.51140E-01
    0.10123E+00    0.49635E-01
    0.10328E+00    0.48258E-01
    0.10536E+00    0.47008E-01
    0.10749E+00    0.45877E-01
    0.10966E+00    0.44851E-01
    0.11188E+00    0.43915E-01
    0.11414E+00    0.43048E-01
    0.11644E+00    0.42227E-01
    0.11880E+00    0.41426E-01
    0.12120E+00    0.40620E-01
    0.12365E+00    0.39785E-01
    0.12614E+00    0.38900E-01
    0.12869E+00    0.37948E-01
    0.13129E+00    0.36921E-01
    0.13394E+00    0.35815E-01
    0.13665E+00    0.34637E-01
    0.13941E+00    0.33402E-01
    0.14223E+00    0.32130E-01
    0.14510E+00    0.30847E-01
    0.14803E+00    0.29582E-01
    0.15102E+00    0.28364E-01
    0.15407E+00    0.27217E-01
    0.15718E+00    0.26162E-01
    0.16036E+00    0.25213E-01
    0.16360E+00    0.24373E-01
    0.16690E+00    0.23637E-01
    0.17028E+00    0.22993E-01
    0.17371E+00    0.22418E-01
    0.17722E+00    0.21887E-01
    0.18080E+00    0.21370E-01
    0.18446E+00    0.20840E-01
    0.18818E+00    0.20274E-01
    0.19198E+00    0.19658E-01
    0.19586E+00    0.18989E-01
    0.19982E+00    0.18274E-01
    0.20386E+00    0.17530E-01
    0.20797E+00    0.16782E-01
    0.21218E+00    0.16056E-01
    0.21646E+00    0.15377E-01
    0.22083E+00    0.14762E-01
    0.22530E+00    0.14218E-01
    0.22985E+00    0.13743E-01
    0.23449E+00    0.13322E-01
    0.23923E+00    0.12937E-01
    0.24406E+00    0.12564E-01
    0.24899E+00    0.12183E-01
    0.25402E+00    0.11778E-01
    0.25915E+00    0.11347E-01
    0.26439E+00    0.10894E-01
    0.26973E+00    0.10436E-01
    0.27518E+00    0.99892E-02
    0.28074E+00    0.95715E-02
    0.28641E+00    0.91928E-02
    0.29219E+00    0.88547E-02
    0.29810E+00    0.85498E-02
    0.30412E+00    0.82649E-02
    0.31026E+00    0.79855E-02
    0.31653E+00    0.77005E-02
    0.32292E+00    0.74057E-02
    0.32945E+00    0.71049E-02
    0.33610E+00    0.68072E-02
    0.34289E+00    0.65232E-02
    0.34982E+00    0.62600E-02
    0.35689E+00    0.60192E-02
    0.36409E+00    0.57960E-02
    0.37145E+00    0.55828E-02
    0.37895E+00    0.53721E-02
    0.38661E+00    0.51604E-02
    0.39442E+00    0.49493E-02
    0.40239E+00    0.47433E-02
    0.41052E+00    0.45477E-02
    0.41881E+00    0.43647E-02
    0.42727E+00    0.41931E-02
    0.43590E+00    0.40290E-02
    0.44471E+00    0.38690E-02
    0.45369E+00    0.37114E-02
    0.46286E+00    0.35574E-02
    0.47221E+00    0.34094E-02
    0.48174E+00    0.32689E-02
    0.49148E+00    0.31358E-02
    0.50141E+00    0.30083E-02
    0.51153E+00    0.28848E-02
    0.52187E+00    0.27647E-02
    0.53241E+00    0.26487E-02
    0.54317E+00    0.25377E-02
    0.55414E+00    0.24319E-02
    0.56533E+00    0.23305E-02
    0.57675E+00    0.22328E-02
    0.58840E+00    0.21385E-02
    0.60029E+00    0.20478E-02
    0.61242E+00    0.19609E-02
    0.62479E+00    0.18778E-02
    0.63741E+00    0.17979E-02
    0.65029E+00    0.17212E-02
    0.66342E+00    0.16474E-02
    0.67683E+00    0.15767E-02
    0.69050E+00    0.15089E-02
    0.70445E+00    0.14439E-02
    0.71868E+00    0.13815E-02
    0.73320E+00    0.13217E-02
    0.74801E+00    0.12643E-02
    0.76312E+00    0.12093E-02
    0.77854E+00    0.11566E-02
    0.79426E+00    0.11060E-02
    0.81031E+00    0.10576E-02
    0.82668E+00    0.10112E-02
    0.84338E+00    0.96668E-03
    0.86041E+00    0.92407E-03
    0.87780E+00    0.88325E-03
    0.89553E+00    0.84416E-03
    0.91362E+00    0.80673E-03
    0.93208E+00    0.77088E-03
    0.95091E+00    0.73656E-03
    0.97011E+00    0.70370E-03
    0.98971E+00    0.67224E-03
    0.10097E+01    0.64214E-03
    0.10301E+01    0.61332E-03
    0.10509E+01    0.58575E-03
    0.10721E+01    0.55936E-03
    0.10938E+01    0.53412E-03
    0.11159E+01    0.50998E-03
    0.11384E+01    0.48689E-03
    0.11614E+01    0.46480E-03
    0.11849E+01    0.44369E-03
    0.12088E+01    0.42349E-03
    0.12333E+01    0.40418E-03
    0.12582E+01    0.38572E-03
    0.12836E+01    0.36807E-03
    0.13095E+01    0.35120E-03
    0.13360E+01    0.33508E-03
    0.13630E+01    0.31967E-03
    0.13905E+01    0.30495E-03
    0.14186E+01    0.29089E-03
    0.14472E+01    0.27745E-03
    0.14765E+01    0.26462E-03
    0.15063E+01    0.25236E-03
    0.15367E+01    0.24064E-03
    0.15678E+01    0.22946E-03
    0.15994E+01    0.21878E-03
    0.16318E+01    0.20858E-03
    0.16647E+01    0.19885E-03
    0.16984E+01    0.18955E-03
    0.17327E+01    0.18068E-03
    0.17677E+01    0.17221E-03
    0.18034E+01    0.16412E-03
    0.18398E+01    0.15641E-03
    0.18770E+01    0.14905E-03
    0.19149E+01    0.14202E-03
    0.19536E+01    0.13532E-03
    0.19930E+01    0.12892E-03
    0.20333E+01    0.12282E-03
    0.20744E+01    0.11700E-03
    0.21163E+01    0.11145E-03
    0.21590E+01    0.10616E-03
    0.22026E+01    0.10111E-03
    0.22471E+01    0.96292E-04
    0.22925E+01    0.91701E-04
    0.23388E+01    0.87324E-04
    0.23861E+01    0.83150E-04
    0.24343E+01    0.79171E-04
    0.24835E+01    0.75378E-04
    0.25336E+01    0.71763E-04
    0.25848E+01    0.68316E-04
    0.26370E+01    0.65032E-04
    0.26903E+01    0.61902E-04
    0.27447E+01    0.58919E-04
    0.28001E+01    0.56077E-04
    0.28567E+01    0.53369E-04
    0.29144E+01    0.50789E-04
    0.29733E+01    0.48332E-04
    0.30333E+01    0.45990E-04
    0.30946E+01    0.43760E-04
    0.31571E+01    0.41635E-04
    0.32209E+01    0.39612E-04
    0.32860E+01    0.37684E-04
    0.33523E+01    0.35849E-04
    0.34201E+01    0.34102E-04
    0.34892E+01    0.32438E-04
    0.35596E+01    0.30853E-04
    0.36316E+01    0.29345E-04
    0.37049E+01    0.27909E-04
    0.37798E+01    0.26541E-04
    0.38561E+01    0.25240E-04
    0.39340E+01    0.24001E-04
    0.40135E+01    0.22822E-04
    0.40946E+01    0.21700E-04
    0.41773E+01    0.20632E-04
    0.42617E+01    0.19616E-04
    0.43478E+01    0.18648E-04
    0.44356E+01    0.17728E-04
    0.45252E+01    0.16852E-04
    0.46166E+01    0.16019E-04
    0.47099E+01    0.15227E-04
    0.48050E+01    0.14473E-04
    0.49021E+01    0.13755E-04
    0.50011E+01    0.13073E-04
    0.51021E+01    0.12424E-04
    0.52052E+01    0.11806E-04
    0.53104E+01    0.11219E-04
    0.54176E+01    0.10661E-04
    0.55271E+01    0.10130E-04
    0.56387E+01    0.96248E-05
    0.57526E+01    0.91446E-05
    0.58689E+01    0.86879E-05
    0.59874E+01    0.82538E-05
    0.61084E+01    0.78410E-05
    0.62318E+01    0.74486E-05
    0.63577E+01    0.70755E-05
    0.64861E+01    0.67208E-05
    0.66171E+01    0.63837E-05
    0.67508E+01    0.60632E-05
    0.68872E+01    0.57586E-05
    0.70263E+01    0.54691E-05
    0.71682E+01    0.51940E-05
    0.73130E+01    0.49325E-05
    0.74608E+01    0.46840E-05
    0.76115E+01    0.44478E-05
    0.77653E+01    0.42234E-05
    0.79221E+01    0.40102E-05
    0.80822E+01    0.38075E-05
    0.82454E+01    0.36150E-05
    0.84120E+01    0.34321E-05
    0.85819E+01    0.32584E-05
    0.87553E+01    0.30933E-05
    0.89322E+01    0.29365E-05
    0.91126E+01    0.27875E-05
    0.92967E+01    0.26460E-05
    0.94845E+01    0.25116E-05
    0.96761E+01    0.23840E-05
    0.98716E+01    0.22627E-05
    0.10071E+02    0.21476E-05
    0.10274E+02    0.20382E-05
    0.10482E+02    0.19344E-05
    0.10694E+02    0.18357E-05
    0.10910E+02    0.17421E-05
    0.11130E+02    0.16531E-05
    0.11355E+02    0.15687E-05
    0.11584E+02    0.14885E-05
    0.11818E+02    0.14124E-05
    0.12057E+02    0.13401E-05
    0.12301E+02    0.12715E-05
    0.12549E+02    0.12064E-05
    0.12803E+02    0.11445E-05
    0.13061E+02    0.10858E-05
    0.13325E+02    0.10301E-05
    0.13594E+02    0.97721E-06
    0.13869E+02    0.92701E-06
    0.14149E+02    0.87936E-06
    0.14435E+02    0.83413E-06
    0.14727E+02    0.79121E-06
    0.15024E+02    0.75047E-06
    0.15328E+02    0.71181E-06
    0.15637E+02    0.67512E-06
    0.15953E+02    0.64030E-06
    0.16275E+02    0.60726E-06
    0.16604E+02    0.57591E-06
    0.16940E+02    0.54617E-06
    0.17282E+02    0.51794E-06
    0.17631E+02    0.49116E-06
    0.17987E+02    0.46575E-06
    0.18351E+02    0.44165E-06
    0.18721E+02    0.41878E-06
    0.19099E+02    0.39708E-06
    0.19485E+02    0.37650E-06
    0.19879E+02    0.35697E-06
    0.20280E+02    0.33845E-06
    0.20690E+02    0.32088E-06
    0.21108E+02    0.30422E-06
    0.21535E+02    0.28841E-06
    0.21970E+02    0.27342E-06
    0.22413E+02    0.25920E-06
    0.22866E+02    0.24571E-06
    0.23328E+02    0.23292E-06
    0.23799E+02    0.22079E-06
    0.24280E+02    0.20929E-06
    0.24771E+02    0.19838E-06
    0.25271E+02    0.18803E-06
    0.25782E+02    0.17822E-06
    0.26302E+02    0.16892E-06
    0.26834E+02    0.16010E-06
    0.27376E+02    0.15173E-06
    0.27929E+02    0.14380E-06
    0.28493E+02    0.13628E-06
    0.29069E+02    0.12915E-06
    0.29656E+02    0.12239E-06
    0.30255E+02    0.11599E-06
    0.30866E+02    0.10991E-06
    0.31490E+02    0.10415E-06
    0.32126E+02    0.98692E-07
    0.32775E+02    0.93517E-07
    0.33437E+02    0.88610E-07
    0.34112E+02    0.83960E-07
    0.34801E+02    0.79551E-07
    0.35504E+02    0.75373E-07
    0.36222E+02    0.71412E-07
    0.36953E+02    0.67658E-07
    0.37700E+02    0.64100E-07
    0.38462E+02    0.60727E-07
    0.39239E+02    0.57531E-07
    0.40031E+02    0.54502E-07
    0.40840E+02    0.51631E-07
    0.41665E+02    0.48911E-07
    0.42507E+02    0.46333E-07
    0.43365E+02    0.43889E-07
    0.44241E+02    0.41574E-07
    0.45135E+02    0.39380E-07
    0.46047E+02    0.37301E-07
    0.46977E+02    0.35332E-07
    0.47926E+02    0.33465E-07
    0.48894E+02    0.31696E-07
    0.49882E+02    0.30021E-07
    0.50890E+02    0.28433E-07
    0.51918E+02    0.26929E-07
    0.52966E+02    0.25504E-07
    0.54036E+02    0.24154E-07
    0.55128E+02    0.22874E-07
    0.56242E+02    0.21662E-07
    0.57378E+02    0.20514E-07
    0.58537E+02    0.19427E-07
    0.59720E+02    0.18397E-07
    0.60926E+02    0.17421E-07
    0.62157E+02    0.16496E-07
    0.63412E+02    0.15620E-07
    0.64693E+02    0.14791E-07
    0.66000E+02    0.14005E-07
    0.67334E+02    0.13261E-07
    0.68694E+02    0.12556E-07
    0.70082E+02    0.11888E-07
    0.71497E+02    0.11256E-07
    0.72942E+02    0.10657E-07
    0.74415E+02    0.10090E-07
    0.75918E+02    0.95527E-08
    0.77452E+02    0.90439E-08
    0.79017E+02    0.85621E-08
    0.80613E+02    0.81058E-08
    0.82241E+02    0.76737E-08
    0.83903E+02    0.72645E-08
    0.85598E+02    0.68770E-08
    0.87327E+02    0.65100E-08
    0.89091E+02    0.61626E-08
    0.90891E+02    0.58335E-08
    0.92727E+02    0.55220E-08
    0.94600E+02    0.52270E-08
    0.96511E+02    0.49477E-08
    0.98461E+02    0.46832E-08
    0.10045E+03    0.44328E-08
    0.10248E+03    0.41957E-08
    0.10455E+03    0.39712E-08
    0.10666E+03    0.37587E-08
    0.10882E+03    0.35575E-08
    0.11101E+03    0.33670E-08
    0.11326E+03    0.31866E-08
    0.11554E+03    0.30159E-08
    0.11788E+03    0.28543E-08
    0.12026E+03    0.27012E-08
    0.12269E+03    0.25564E-08
    0.12517E+03    0.24193E-08
    0.12770E+03    0.22895E-08
    0.13028E+03    0.21666E-08
    0.13291E+03    0.20503E-08
    0.13559E+03    0.19402E-08
    0.13833E+03    0.18360E-08
    0.14113E+03    0.17373E-08
    0.14398E+03    0.16440E-08
    0.14689E+03    0.15556E-08
    0.14985E+03    0.14719E-08
    0.15288E+03    0.13928E-08
    0.15597E+03    0.13178E-08
    0.15912E+03    0.12469E-08
    0.16233E+03    0.11798E-08
    0.16561E+03    0.11163E-08
    0.16896E+03    0.10562E-08
    0.17237E+03    0.99926E-09
    0.17585E+03    0.94541E-09
    0.17941E+03    0.89446E-09
    0.18303E+03    0.84623E-09
    0.18673E+03    0.80060E-09
    0.19050E+03    0.75741E-09
    0.19435E+03    0.71654E-09
    0.19828E+03    0.67787E-09
    0.20228E+03    0.64128E-09
    0.20637E+03    0.60665E-09
    0.21054E+03    0.57388E-09
    0.21479E+03    0.54288E-09
    0.21913E+03    0.51354E-09
    0.22356E+03    0.48578E-09
    0.22807E+03    0.45952E-09
    0.23268E+03    0.43467E-09
    0.23738E+03    0.41115E-09
    0.24217E+03    0.38891E-09
    0.24707E+03    0.36786E-09
    0.25206E+03    0.34794E-09
    0.25715E+03    0.32910E-09
    0.26234E+03    0.31128E-09
    0.26764E+03    0.29441E-09
    0.27305E+03    0.27846E-09
    0.27857E+03    0.26336E-09
    0.28419E+03    0.24908E-09
    0.28994E+03    0.23558E-09
    0.29579E+03    0.22280E-09
    0.30177E+03    0.21071E-09
    0.30786E+03    0.19927E-09
    0.31408E+03    0.18845E-09
    0.32043E+03    0.17822E-09
    0.32690E+03    0.16854E-09
    0.33351E+03    0.15938E-09
    0.34024E+03    0.15072E-09
    0.34712E+03    0.14253E-09
    0.35413E+03    0.13478E-09
    0.36128E+03    0.12745E-09
    0.36858E+03    0.12051E-09
    0.37603E+03    0.11395E-09
    0.38362E+03    0.10775E-09
    0.39137E+03    0.10189E-09
    0.39928E+03    0.96336E-10
    0.40734E+03    0.91088E-10
    0.41557E+03    0.86125E-10
    0.42397E+03    0.81430E-10
    0.43253E+03    0.76990E-10
    0.44127E+03    0.72792E-10
    0.45019E+03    0.68820E-10
    0.45928E+03    0.65065E-10
    0.46856E+03    0.61514E-10
    0.47802E+03    0.58155E-10
    0.48768E+03    0.54979E-10
    0.49753E+03    0.51975E-10
    0.50758E+03    0.49135E-10
    0.51784E+03    0.46449E-10
    0.52830E+03    0.43909E-10
    0.53897E+03    0.41507E-10
    0.54986E+03    0.39236E-10
    0.56097E+03    0.37088E-10
    0.57230E+03    0.35058E-10
    0.58386E+03    0.33138E-10
    0.59565E+03    0.31322E-10
    0.60769E+03    0.29606E-10
    0.61996E+03    0.27983E-10
    0.63249E+03    0.26448E-10
    0.64526E+03    0.24997E-10
    0.65830E+03    0.23625E-10
    0.67160E+03    0.22328E-10
    0.68516E+03    0.21102E-10
    0.69901E+03    0.19943E-10
    0.71313E+03    0.18847E-10
    0.72753E+03    0.17811E-10
    0.74223E+03    0.16831E-10
    0.75722E+03    0.15905E-10
    0.77252E+03    0.15030E-10
    0.78813E+03    0.14202E-10
    0.80405E+03    0.13420E-10
    0.82029E+03    0.12681E-10
    0.83686E+03    0.11982E-10
    0.85377E+03    0.11321E-10
    0.87101E+03    0.10696E-10
    0.88861E+03    0.10106E-10
    0.90656E+03    0.95480E-11
    0.92488E+03    0.90206E-11
    0.94356E+03    0.85221E-11
    0.96262E+03    0.80509E-11
    0.98207E+03    0.76056E-11
    0.10019E+04    0.71848E-11
    0.10221E+04    0.67871E-11
    0.10428E+04    0.64112E-11
    0.10639E+04    0.60559E-11
    0.10854E+04    0.57203E-11
    0.11073E+04    0.54030E-11
    0.11296E+04    0.51033E-11
    0.11525E+04    0.48200E-11
    0.11757E+04    0.45523E-11
    0.11995E+04    0.42994E-11
    0.12237E+04    0.40605E-11
    0.12485E+04    0.38347E-11
    0.12737E+04    0.36213E-11
    0.12994E+04    0.34198E-11
    0.13257E+04    0.32294E-11
    0.13524E+04    0.30495E-11
    0.13798E+04    0.28796E-11
    0.14076E+04    0.27190E-11
    0.14361E+04    0.25674E-11
    0.14651E+04    0.24241E-11
    0.14947E+04    0.22888E-11
    0.15249E+04    0.21610E-11
    0.15557E+04    0.20403E-11
    0.15871E+04    0.19263E-11
    0.16192E+04    0.18187E-11
    0.16519E+04    0.17170E-11
    0.16852E+04    0.16210E-11
    0.17193E+04    0.15303E-11
    0.17540E+04    0.14447E-11
    0.17894E+04    0.13638E-11
    0.18256E+04    0.12875E-11
    0.18625E+04    0.12154E-11
    0.19001E+04    0.11474E-11
    0.19385E+04    0.10831E-11
    0.19776E+04    0.10225E-11
    0.20176E+04    0.96522E-12
    0.20583E+04    0.91117E-12
    0.20999E+04    0.86015E-12
    0.21424E+04    0.81200E-12
    0.21856E+04    0.76654E-12
    0.22298E+04    0.72364E-12
    0.22748E+04    0.68315E-12
    0.23208E+04    0.64493E-12
    0.23677E+04    0.60887E-12
    0.24155E+04    0.57482E-12
    0.24643E+04    0.54270E-12
    0.25141E+04    0.51238E-12
    0.25649E+04    0.48377E-12
    0.26167E+04    0.45677E-12
    0.26695E+04    0.43129E-12
    0.27235E+04    0.40724E-12
    0.27785E+04    0.38454E-12
    0.28346E+04    0.36312E-12
    0.28919E+04    0.34290E-12
    0.29503E+04    0.32382E-12
    0.30099E+04    0.30582E-12
    0.30707E+04    0.28882E-12
    0.31327E+04    0.27277E-12
    0.31960E+04    0.25763E-12
    0.32606E+04    0.24333E-12
    0.33264E+04    0.22983E-12
    0.33936E+04    0.21708E-12
    0.34622E+04    0.20505E-12
    0.35321E+04    0.19368E-12
    0.36035E+04    0.18295E-12
    0.36763E+04    0.17282E-12
    0.37506E+04    0.16324E-12
    0.38263E+04    0.15420E-12
    0.39036E+04    0.14566E-12
    0.39825E+04    0.13759E-12
    0.40629E+04    0.12997E-12
    0.41450E+04    0.12277E-12
    0.42287E+04    0.11597E-12
    0.43142E+04    0.10954E-12
    0.44013E+04    0.10347E-12
    0.44902E+04    0.97728E-13
    0.45809E+04    0.92306E-13
    0.46735E+04    0.87184E-13
    0.47679E+04    0.82344E-13
    0.48642E+04    0.77772E-13
    0.49625E+04    0.73452E-13
    0.50627E+04    0.69372E-13
    0.51650E+04    0.65517E-13
    0.52693E+04    0.61876E-13
    0.53758E+04    0.58437E-13
    0.54844E+04    0.55189E-13
    0.55952E+04    0.52122E-13
    0.57082E+04    0.49225E-13
    0.58235E+04    0.46489E-13
    0.59412E+04    0.43905E-13
    0.60612E+04    0.41465E-13
    0.61836E+04    0.39161E-13
    0.63085E+04    0.36985E-13
    0.64360E+04    0.34931E-13
    0.65660E+04    0.32990E-13
    0.66986E+04    0.31157E-13
    0.68340E+04    0.29427E-13
    0.69720E+04    0.27792E-13
    0.71129E+04    0.26248E-13
    0.72566E+04    0.24789E-13
    0.74031E+04    0.23411E-13
    0.75527E+04    0.22110E-13
    0.77053E+04    0.20881E-13
    0.78609E+04    0.19720E-13
    0.80197E+04    0.18623E-13
    0.81817E+04    0.17588E-13
    0.83470E+04    0.16609E-13
    0.85156E+04    0.15686E-13
    0.86877E+04    0.14813E-13
    0.88632E+04    0.13989E-13
    0.90422E+04    0.13211E-13
    0.92249E+04    0.12476E-13
    0.94112E+04    0.11781E-13
    0.96013E+04    0.11126E-13
    0.97953E+04    0.10507E-13
    0.99932E+04    0.99221E-14
    0.10195E+05    0.93699E-14
    0.10401E+05    0.88484E-14
    0.10611E+05    0.83558E-14
    0.10825E+05    0.78907E-14
    0.11044E+05    0.74513E-14
    0.11267E+05    0.70364E-14
    0.11495E+05    0.66446E-14
    0.11727E+05    0.62745E-14
    0.11964E+05    0.59251E-14
    0.12206E+05    0.55950E-14
