  0.742942E-04  0.165334E+05  0.165333E+05  0.220445E+05  0.220443E+05  0.219496E+05  0.167451E+05  0.165334E+05  0.221567E+05 -0.618777E+00  0.174551E+05  0.174549E+05  0.155552E+02
  0.103686E-03  0.165334E+05  0.165333E+05  0.220443E+05  0.220441E+05  0.219494E+05  0.167451E+05  0.165334E+05  0.221566E+05 -0.618775E+00  0.174550E+05  0.174547E+05  0.217090E+02
  0.144705E-03  0.165334E+05  0.165331E+05  0.220441E+05  0.220436E+05  0.219489E+05  0.167450E+05  0.165333E+05  0.221564E+05 -0.618771E+00  0.174550E+05  0.174543E+05  0.302971E+02
  0.201953E-03  0.165333E+05  0.165327E+05  0.220436E+05  0.220426E+05  0.219479E+05  0.167448E+05  0.165332E+05  0.221561E+05 -0.618762E+00  0.174548E+05  0.174536E+05  0.422824E+02
  0.281848E-03  0.165331E+05  0.165320E+05  0.220426E+05  0.220407E+05  0.219460E+05  0.167445E+05  0.165329E+05  0.221554E+05 -0.618745E+00  0.174546E+05  0.174521E+05  0.590083E+02
  0.393350E-03  0.165327E+05  0.165306E+05  0.220407E+05  0.220371E+05  0.219424E+05  0.167438E+05  0.165324E+05  0.221542E+05 -0.618712E+00  0.174541E+05  0.174493E+05  0.823485E+02
  0.548964E-03  0.165320E+05  0.165280E+05  0.220370E+05  0.220299E+05  0.219353E+05  0.167426E+05  0.165314E+05  0.221518E+05 -0.618648E+00  0.174532E+05  0.174438E+05  0.114915E+03
  0.766141E-03  0.165307E+05  0.165228E+05  0.220299E+05  0.220161E+05  0.219216E+05  0.167402E+05  0.165295E+05  0.221471E+05 -0.618523E+00  0.174513E+05  0.174331E+05  0.160346E+03
  0.106924E-02  0.165281E+05  0.165127E+05  0.220159E+05  0.219891E+05  0.218948E+05  0.167356E+05  0.165257E+05  0.221380E+05 -0.618279E+00  0.174478E+05  0.174123E+05  0.223695E+03
  0.149224E-02  0.165230E+05  0.164931E+05  0.219887E+05  0.219365E+05  0.218427E+05  0.167265E+05  0.165184E+05  0.221203E+05 -0.617805E+00  0.174409E+05  0.173718E+05  0.311961E+03
  0.208259E-02  0.165131E+05  0.164549E+05  0.219359E+05  0.218346E+05  0.217415E+05  0.167088E+05  0.165041E+05  0.220859E+05 -0.616883E+00  0.174274E+05  0.172930E+05  0.434749E+03
  0.290648E-02  0.164940E+05  0.163806E+05  0.218333E+05  0.216371E+05  0.215456E+05  0.166745E+05  0.164764E+05  0.220190E+05 -0.615093E+00  0.174012E+05  0.171402E+05  0.605040E+03
  0.405633E-02  0.164567E+05  0.162368E+05  0.216344E+05  0.212571E+05  0.211685E+05  0.166081E+05  0.164226E+05  0.218898E+05 -0.611627E+00  0.173503E+05  0.168447E+05  0.839791E+03
  0.419382E-02  0.164514E+05  0.162165E+05  0.216063E+05  0.212037E+05  0.211156E+05  0.165987E+05  0.164150E+05  0.218716E+05 -0.611138E+00  0.173431E+05  0.168031E+05  0.867582E+03
  0.433597E-02  0.164458E+05  0.161948E+05  0.215764E+05  0.211468E+05  0.210591E+05  0.165887E+05  0.164069E+05  0.218521E+05 -0.610616E+00  0.173354E+05  0.167587E+05  0.896245E+03
  0.448293E-02  0.164398E+05  0.161716E+05  0.215444E+05  0.210861E+05  0.209989E+05  0.165780E+05  0.163982E+05  0.218313E+05 -0.610059E+00  0.173272E+05  0.167112E+05  0.925802E+03
  0.463488E-02  0.164334E+05  0.161469E+05  0.215102E+05  0.210214E+05  0.209347E+05  0.165666E+05  0.163890E+05  0.218092E+05 -0.609464E+00  0.173185E+05  0.166606E+05  0.956275E+03
  0.479198E-02  0.164265E+05  0.161205E+05  0.214737E+05  0.209524E+05  0.208662E+05  0.165545E+05  0.163791E+05  0.217855E+05 -0.608829E+00  0.173091E+05  0.166066E+05  0.987687E+03
  0.495441E-02  0.164192E+05  0.160923E+05  0.214348E+05  0.208789E+05  0.207933E+05  0.165415E+05  0.163685E+05  0.217603E+05 -0.608151E+00  0.172991E+05  0.165490E+05  0.102006E+04
  0.512234E-02  0.164114E+05  0.160623E+05  0.213932E+05  0.208006E+05  0.207156E+05  0.165276E+05  0.163573E+05  0.217334E+05 -0.607428E+00  0.172884E+05  0.164875E+05  0.105341E+04
  0.529596E-02  0.164030E+05  0.160301E+05  0.213489E+05  0.207172E+05  0.206328E+05  0.165128E+05  0.163452E+05  0.217047E+05 -0.606656E+00  0.172770E+05  0.164220E+05  0.108777E+04
  0.547547E-02  0.163941E+05  0.159959E+05  0.213015E+05  0.206283E+05  0.205446E+05  0.164970E+05  0.163324E+05  0.216741E+05 -0.605833E+00  0.172648E+05  0.163520E+05  0.112315E+04
  0.566106E-02  0.163846E+05  0.159593E+05  0.212510E+05  0.205337E+05  0.204507E+05  0.164802E+05  0.163187E+05  0.216414E+05 -0.604954E+00  0.172518E+05  0.162775E+05  0.115958E+04
  0.585294E-02  0.163744E+05  0.159203E+05  0.211971E+05  0.204330E+05  0.203508E+05  0.164622E+05  0.163040E+05  0.216066E+05 -0.604017E+00  0.172379E+05  0.161980E+05  0.119707E+04
  0.605133E-02  0.163635E+05  0.158787E+05  0.211396E+05  0.203258E+05  0.202444E+05  0.164430E+05  0.162884E+05  0.215694E+05 -0.603018E+00  0.172230E+05  0.161133E+05  0.123564E+04
  0.625644E-02  0.163519E+05  0.158343E+05  0.210783E+05  0.202118E+05  0.201313E+05  0.164226E+05  0.162717E+05  0.215298E+05 -0.601952E+00  0.172072E+05  0.160230E+05  0.127532E+04
  0.646850E-02  0.163396E+05  0.157869E+05  0.210129E+05  0.200905E+05  0.200110E+05  0.164008E+05  0.162539E+05  0.214877E+05 -0.600816E+00  0.171903E+05  0.159267E+05  0.131611E+04
  0.668775E-02  0.163264E+05  0.157364E+05  0.209431E+05  0.199616E+05  0.198830E+05  0.163775E+05  0.162350E+05  0.214427E+05 -0.599604E+00  0.171722E+05  0.158242E+05  0.135803E+04
  0.691443E-02  0.163123E+05  0.156825E+05  0.208688E+05  0.198246E+05  0.197471E+05  0.163528E+05  0.162147E+05  0.213948E+05 -0.598313E+00  0.171529E+05  0.157151E+05  0.140109E+04
  0.714880E-02  0.162972E+05  0.156251E+05  0.207895E+05  0.196791E+05  0.196027E+05  0.163264E+05  0.161931E+05  0.213438E+05 -0.596937E+00  0.171324E+05  0.155988E+05  0.144531E+04
  0.739111E-02  0.162812E+05  0.155639E+05  0.207050E+05  0.195246E+05  0.194493E+05  0.162982E+05  0.161701E+05  0.212895E+05 -0.595472E+00  0.171104E+05  0.154751E+05  0.149069E+04
  0.764163E-02  0.162641E+05  0.154987E+05  0.206150E+05  0.193606E+05  0.192866E+05  0.162683E+05  0.161455E+05  0.212317E+05 -0.593910E+00  0.170870E+05  0.153435E+05  0.153724E+04
  0.790064E-02  0.162458E+05  0.154292E+05  0.205191E+05  0.191867E+05  0.191140E+05  0.162363E+05  0.161193E+05  0.211702E+05 -0.592248E+00  0.170620E+05  0.152034E+05  0.158496E+04
  0.816844E-02  0.162263E+05  0.153551E+05  0.204170E+05  0.190023E+05  0.189309E+05  0.162023E+05  0.160914E+05  0.211048E+05 -0.590478E+00  0.170353E+05  0.150545E+05  0.163385E+04
  0.844531E-02  0.162056E+05  0.152763E+05  0.203082E+05  0.188069E+05  0.187370E+05  0.161662E+05  0.160616E+05  0.210352E+05 -0.588595E+00  0.170069E+05  0.148962E+05  0.168389E+04
  0.873156E-02  0.161834E+05  0.151924E+05  0.201925E+05  0.186000E+05  0.185316E+05  0.161277E+05  0.160299E+05  0.209612E+05 -0.586591E+00  0.169766E+05  0.147280E+05  0.173510E+04
  0.902752E-02  0.161598E+05  0.151030E+05  0.200693E+05  0.183810E+05  0.183143E+05  0.160867E+05  0.159961E+05  0.208826E+05 -0.584459E+00  0.169442E+05  0.145493E+05  0.178743E+04
  0.933351E-02  0.161347E+05  0.150080E+05  0.199382E+05  0.181495E+05  0.180845E+05  0.160431E+05  0.159601E+05  0.207991E+05 -0.582193E+00  0.169097E+05  0.143596E+05  0.184089E+04
  0.964987E-02  0.161079E+05  0.149068E+05  0.197988E+05  0.179048E+05  0.178416E+05  0.159968E+05  0.159218E+05  0.207104E+05 -0.579784E+00  0.168730E+05  0.141582E+05  0.189543E+04
  0.997695E-02  0.160793E+05  0.147993E+05  0.196507E+05  0.176465E+05  0.175852E+05  0.159476E+05  0.158810E+05  0.206163E+05 -0.577225E+00  0.168338E+05  0.139447E+05  0.195103E+04
  0.103151E-01  0.160489E+05  0.146850E+05  0.194932E+05  0.173740E+05  0.173147E+05  0.158953E+05  0.158376E+05  0.205164E+05 -0.574507E+00  0.167921E+05  0.137184E+05  0.200765E+04
  0.106648E-01  0.160165E+05  0.145635E+05  0.193259E+05  0.170869E+05  0.170296E+05  0.158398E+05  0.157914E+05  0.204105E+05 -0.571622E+00  0.167476E+05  0.134786E+05  0.206522E+04
  0.110262E-01  0.159820E+05  0.144346E+05  0.191483E+05  0.167845E+05  0.167295E+05  0.157808E+05  0.157423E+05  0.202983E+05 -0.568561E+00  0.167003E+05  0.132248E+05  0.212370E+04
  0.114000E-01  0.159453E+05  0.142976E+05  0.189598E+05  0.164666E+05  0.164138E+05  0.157183E+05  0.156900E+05  0.201795E+05 -0.565314E+00  0.166499E+05  0.129562E+05  0.218301E+04
  0.117864E-01  0.159062E+05  0.141523E+05  0.187599E+05  0.161326E+05  0.160822E+05  0.156520E+05  0.156345E+05  0.200537E+05 -0.561873E+00  0.165962E+05  0.126723E+05  0.224308E+04
  0.121859E-01  0.158647E+05  0.139982E+05  0.185479E+05  0.157822E+05  0.157342E+05  0.155817E+05  0.155755E+05  0.199206E+05 -0.558228E+00  0.165391E+05  0.123724E+05  0.230379E+04
  0.125989E-01  0.158205E+05  0.138348E+05  0.183233E+05  0.154151E+05  0.153696E+05  0.155073E+05  0.155129E+05  0.197800E+05 -0.554370E+00  0.164784E+05  0.120558E+05  0.236506E+04
  0.130260E-01  0.157736E+05  0.136617E+05  0.180854E+05  0.150310E+05  0.149882E+05  0.154285E+05  0.154464E+05  0.196315E+05 -0.550287E+00  0.164138E+05  0.117221E+05  0.242675E+04
  0.134675E-01  0.157237E+05  0.134785E+05  0.178337E+05  0.146297E+05  0.145897E+05  0.153451E+05  0.153758E+05  0.194747E+05 -0.545971E+00  0.163452E+05  0.113705E+05  0.248874E+04
  0.139240E-01  0.156707E+05  0.132847E+05  0.175675E+05  0.142113E+05  0.141740E+05  0.152570E+05  0.153010E+05  0.193095E+05 -0.541412E+00  0.162722E+05  0.110006E+05  0.255085E+04
  0.143959E-01  0.156144E+05  0.130798E+05  0.172863E+05  0.137757E+05  0.137413E+05  0.151638E+05  0.152217E+05  0.191354E+05 -0.536600E+00  0.161947E+05  0.106118E+05  0.261292E+04
  0.148839E-01  0.155547E+05  0.128633E+05  0.169894E+05  0.133231E+05  0.132917E+05  0.150656E+05  0.151377E+05  0.189521E+05 -0.531524E+00  0.161125E+05  0.102037E+05  0.267475E+04
  0.153884E-01  0.154914E+05  0.126348E+05  0.166762E+05  0.128539E+05  0.128255E+05  0.149619E+05  0.150488E+05  0.187595E+05 -0.526176E+00  0.160252E+05  0.977593E+04  0.273614E+04
  0.159099E-01  0.154242E+05  0.123939E+05  0.163461E+05  0.123685E+05  0.123432E+05  0.148527E+05  0.149547E+05  0.185572E+05 -0.520546E+00  0.159326E+05  0.932821E+04  0.279683E+04
  0.164492E-01  0.153531E+05  0.121401E+05  0.159986E+05  0.118675E+05  0.118454E+05  0.147376E+05  0.148553E+05  0.183450E+05 -0.514626E+00  0.158345E+05  0.886035E+04  0.285657E+04
  0.170068E-01  0.152777E+05  0.118730E+05  0.156332E+05  0.113519E+05  0.113329E+05  0.146167E+05  0.147502E+05  0.181227E+05 -0.508408E+00  0.157305E+05  0.837231E+04  0.291507E+04
  0.175832E-01  0.151980E+05  0.115923E+05  0.152494E+05  0.108227E+05  0.108069E+05  0.144896E+05  0.146394E+05  0.178901E+05 -0.501884E+00  0.156204E+05  0.786420E+04  0.297203E+04
  0.181792E-01  0.151137E+05  0.112975E+05  0.148468E+05  0.102813E+05  0.102685E+05  0.143562E+05  0.145224E+05  0.176471E+05 -0.495048E+00  0.155039E+05  0.733627E+04  0.302708E+04
  0.187954E-01  0.150246E+05  0.109884E+05  0.144250E+05  0.972908E+04  0.971946E+04  0.142163E+05  0.143992E+05  0.173936E+05 -0.487895E+00  0.153808E+05  0.678899E+04  0.307988E+04
  0.194324E-01  0.149304E+05  0.106648E+05  0.139838E+05  0.916797E+04  0.916141E+04  0.140699E+05  0.142696E+05  0.171296E+05 -0.480420E+00  0.152507E+05  0.622307E+04  0.313002E+04
  0.200911E-01  0.148311E+05  0.103265E+05  0.135230E+05  0.860003E+04  0.859646E+04  0.139168E+05  0.141332E+05  0.168551E+05 -0.472621E+00  0.151134E+05  0.563945E+04  0.317707E+04
  0.207721E-01  0.147263E+05  0.997343E+04  0.130426E+05  0.802763E+04  0.802695E+04  0.137569E+05  0.139900E+05  0.165701E+05 -0.464498E+00  0.149685E+05  0.503937E+04  0.322058E+04
  0.214762E-01  0.146160E+05  0.960556E+04  0.125428E+05  0.745339E+04  0.745547E+04  0.135902E+05  0.138397E+05  0.162749E+05 -0.456050E+00  0.148159E+05  0.442439E+04  0.326005E+04
  0.222041E-01  0.144999E+05  0.922302E+04  0.120236E+05  0.688021E+04  0.688491E+04  0.134167E+05  0.136823E+05  0.159698E+05 -0.447283E+00  0.146553E+05  0.379641E+04  0.329499E+04
  0.229567E-01  0.143777E+05  0.882605E+04  0.114857E+05  0.631125E+04  0.631838E+04  0.132362E+05  0.135176E+05  0.156549E+05 -0.438200E+00  0.144865E+05  0.315774E+04  0.332485E+04
  0.237348E-01  0.142494E+05  0.841504E+04  0.109295E+05  0.574989E+04  0.575924E+04  0.130490E+05  0.133455E+05  0.153307E+05 -0.428811E+00  0.143091E+05  0.251110E+04  0.334907E+04
  0.245393E-01  0.141148E+05  0.799052E+04  0.103560E+05  0.519971E+04  0.521104E+04  0.128551E+05  0.131660E+05  0.149978E+05 -0.419127E+00  0.141231E+05  0.185967E+04  0.336707E+04
  0.253711E-01  0.139737E+05  0.755323E+04  0.976629E+04  0.466441E+04  0.467747E+04  0.126545E+05  0.129790E+05  0.146567E+05 -0.409161E+00  0.139283E+05  0.120709E+04  0.337824E+04
  0.262311E-01  0.138260E+05  0.710407E+04  0.916173E+04  0.414779E+04  0.416229E+04  0.124476E+05  0.127845E+05  0.143081E+05 -0.398931E+00  0.137245E+05  0.557553E+03  0.338199E+04
  0.271202E-01  0.136715E+05  0.664417E+04  0.854400E+04  0.365366E+04  0.366929E+04  0.122344E+05  0.125828E+05  0.139529E+05 -0.388458E+00  0.135117E+05 -0.842663E+02  0.337769E+04
  0.280394E-01  0.135102E+05  0.617489E+04  0.791509E+04  0.318573E+04  0.320219E+04  0.120153E+05  0.123738E+05  0.135919E+05 -0.377766E+00  0.132899E+05 -0.713134E+03  0.336476E+04
  0.289898E-01  0.133420E+05  0.569785E+04  0.727734E+04  0.274755E+04  0.276449E+04  0.117906E+05  0.121577E+05  0.132261E+05 -0.366883E+00  0.130590E+05 -0.132328E+04  0.334259E+04
  0.299724E-01  0.131669E+05  0.521491E+04  0.663343E+04  0.234235E+04  0.235944E+04  0.115607E+05  0.119349E+05  0.128566E+05 -0.355839E+00  0.128191E+05 -0.190843E+04  0.331062E+04
  0.309883E-01  0.129849E+05  0.472823E+04  0.598643E+04  0.197293E+04  0.198986E+04  0.113259E+05  0.117057E+05  0.124846E+05 -0.344670E+00  0.125704E+05 -0.246181E+04  0.326834E+04
  0.320387E-01  0.127959E+05  0.424025E+04  0.533977E+04  0.164156E+04  0.165801E+04  0.110869E+05  0.114704E+05  0.121112E+05 -0.333414E+00  0.123132E+05 -0.297623E+04  0.321527E+04
  0.331246E-01  0.126001E+05  0.375367E+04  0.469724E+04  0.134983E+04  0.136551E+04  0.108440E+05  0.112295E+05  0.117377E+05 -0.322112E+00  0.120477E+05 -0.344413E+04  0.315103E+04
  0.342474E-01  0.123975E+05  0.327153E+04  0.406303E+04  0.109849E+04  0.111316E+04  0.105978E+05  0.109836E+05  0.113655E+05 -0.310809E+00  0.117743E+05 -0.385773E+04  0.307531E+04
  0.354082E-01  0.121882E+05  0.279709E+04  0.344164E+04  0.887436E+03  0.900877E+03  0.103490E+05  0.107333E+05  0.109960E+05 -0.299549E+00  0.114935E+05 -0.420911E+04  0.298792E+04
  0.366084E-01  0.119726E+05  0.233390E+04  0.283789E+04  0.715540E+03  0.727598E+03  0.100982E+05  0.104793E+05  0.106304E+05 -0.288382E+00  0.112060E+05 -0.449045E+04  0.288883E+04
  0.378492E-01  0.117507E+05  0.188573E+04  0.225685E+04  0.580661E+03  0.591241E+03  0.984595E+04  0.102224E+05  0.102701E+05 -0.277356E+00  0.109124E+05 -0.469421E+04  0.277812E+04
  0.391321E-01  0.115230E+05  0.145654E+04  0.170380E+04  0.479636E+03  0.488706E+03  0.959307E+04  0.996337E+04  0.991648E+04 -0.266522E+00  0.106134E+05 -0.481340E+04  0.265610E+04
  0.404585E-01  0.112896E+05  0.105041E+04  0.118409E+04  0.408346E+03  0.415940E+03  0.934023E+04  0.970321E+04  0.957080E+04 -0.255929E+00  0.103101E+05 -0.484188E+04  0.252325E+04
  0.418299E-01  0.110509E+05  0.671469E+03  0.703083E+03  0.361847E+03  0.368066E+03  0.908815E+04  0.944282E+04  0.923431E+04 -0.245625E+00  0.100034E+05 -0.477467E+04  0.238030E+04
  0.432477E-01  0.108074E+05  0.323834E+03  0.266004E+03  0.334576E+03  0.339579E+03  0.883756E+04  0.918319E+04  0.890817E+04 -0.235656E+00  0.969428E+04 -0.460839E+04  0.222821E+04
  0.447136E-01  0.105595E+05  0.114764E+02 -0.122215E+03  0.320624E+03  0.324619E+03  0.858919E+04  0.892533E+04  0.859350E+04 -0.226066E+00  0.938398E+04 -0.434159E+04  0.206820E+04
  0.462292E-01  0.103078E+05 -0.261891E+03 -0.457101E+03  0.314073E+03  0.317303E+03  0.834376E+04  0.867022E+04  0.829130E+04 -0.216893E+00  0.907370E+04 -0.397520E+04  0.190178E+04
  0.477961E-01  0.100527E+05 -0.492950E+03 -0.734826E+03  0.309381E+03  0.312103E+03  0.810200E+04  0.841884E+04  0.800252E+04 -0.208173E+00  0.876468E+04 -0.351294E+04  0.173071E+04
  0.494162E-01  0.979479E+04 -0.678929E+03 -0.952420E+03  0.301779E+03  0.304243E+03  0.786460E+04  0.817210E+04  0.772797E+04 -0.199933E+00  0.845820E+04 -0.296170E+04  0.155702E+04
  0.510911E-01  0.953475E+04 -0.817768E+03 -0.110798E+04  0.287654E+03  0.290082E+03  0.763221E+04  0.793084E+04  0.746835E+04 -0.192195E+00  0.815552E+04 -0.233189E+04  0.138301E+04
  0.528229E-01  0.927317E+04 -0.908302E+03 -0.120102E+04  0.264862E+03  0.267424E+03  0.740544E+04  0.769576E+04  0.722418E+04 -0.184974E+00  0.785787E+04 -0.163756E+04  0.121114E+04
  0.546133E-01  0.901074E+04 -0.950350E+03 -0.123207E+04  0.232939E+03  0.235739E+03  0.718484E+04  0.746748E+04  0.699589E+04 -0.178277E+00  0.756648E+04 -0.896784E+03  0.104410E+04
  0.564644E-01  0.874814E+04 -0.944999E+03 -0.120377E+04  0.193129E+03  0.196191E+03  0.697085E+04  0.724639E+04  0.678357E+04 -0.172102E+00  0.728244E+04 -0.131255E+03  0.884629E+03
  0.583783E-01  0.848607E+04 -0.894637E+03 -0.112039E+04  0.148225E+03  0.151495E+03  0.676378E+04  0.703272E+04  0.658703E+04 -0.166434E+00  0.700673E+04  0.633862E+03  0.735503E+03
  0.611299E-01  0.812613E+04 -0.758337E+03 -0.926186E+03  0.852852E+02  0.886273E+02  0.648933E+04  0.674967E+04  0.634034E+04 -0.159396E+00  0.664102E+04  0.163802E+04  0.551414E+03
  0.638816E-01  0.778596E+04 -0.568207E+03 -0.673368E+03  0.341572E+02  0.372476E+02  0.623940E+04  0.649165E+04  0.612891E+04 -0.153447E+00  0.630936E+04  0.247392E+04  0.404521E+03
  0.666332E-01  0.746521E+04 -0.347371E+03 -0.392221E+03  0.205836E+01  0.461715E+01  0.601053E+04  0.625481E+04  0.594479E+04 -0.148349E+00  0.600901E+04  0.309546E+04  0.294601E+03
  0.693849E-01  0.716332E+04 -0.117063E+03 -0.109571E+03 -0.908127E+01 -0.720742E+01  0.579921E+04  0.603538E+04  0.578010E+04 -0.143886E+00  0.573701E+04  0.347479E+04  0.219670E+03
  0.721365E-01  0.687961E+04  0.104233E+03  0.152223E+03 -0.229626E+01 -0.110123E+01  0.560201E+04  0.582991E+04  0.562741E+04 -0.139856E+00  0.549032E+04  0.360293E+04  0.176282E+03
  0.748881E-01  0.661324E+04  0.301407E+03  0.375920E+03  0.159455E+02  0.166106E+02  0.541575E+04  0.563535E+04  0.548014E+04 -0.136087E+00  0.526594E+04  0.348901E+04  0.159866E+03
  0.776398E-01  0.636326E+04  0.463129E+03  0.549691E+03  0.378619E+02  0.382349E+02  0.523768E+04  0.544915E+04  0.533296E+04 -0.132432E+00  0.506098E+04  0.315842E+04  0.165104E+03
  0.803914E-01  0.612866E+04  0.581986E+03  0.667063E+03  0.564333E+02  0.567687E+02  0.506560E+04  0.526932E+04  0.518204E+04 -0.128780E+00  0.487274E+04  0.264983E+04  0.186300E+03
  0.831430E-01  0.590841E+04  0.654440E+03  0.726573E+03  0.669351E+02  0.674370E+02  0.489794E+04  0.509441E+04  0.502520E+04 -0.125051E+00  0.469873E+04  0.201172E+04  0.217743E+03
  0.858947E-01  0.570142E+04  0.680515E+03  0.731144E+03  0.676482E+02  0.684240E+02  0.473378E+04  0.492354E+04  0.486186E+04 -0.121201E+00  0.453670E+04  0.129823E+04  0.254024E+03
  0.886463E-01  0.550665E+04  0.663384E+03  0.687289E+03  0.597130E+02  0.607589E+02  0.457277E+04  0.475629E+04  0.469286E+04 -0.117220E+00  0.438468E+04  0.565051E+03  0.290310E+03
  0.913980E-01  0.532307E+04  0.608766E+03  0.604176E+03  0.463062E+02  0.475244E+02  0.441505E+04  0.459269E+04  0.452014E+04 -0.113126E+00  0.424099E+04 -0.134589E+03  0.322553E+03
  0.941496E-01  0.514972E+04  0.524292E+03  0.492643E+03  0.314563E+02  0.326950E+02  0.426112E+04  0.443311E+04  0.434633E+04 -0.108957E+00  0.410425E+04 -0.753497E+03  0.347630E+03
  0.969012E-01  0.498570E+04  0.418741E+03  0.364216E+03  0.188495E+02  0.199525E+02  0.411172E+04  0.427815E+04  0.417437E+04 -0.104773E+00  0.397335E+04 -0.125348E+04  0.363422E+03
  0.996529E-01  0.483020E+04  0.301376E+03  0.230204E+03  0.109265E+02  0.117787E+02  0.396765E+04  0.412855E+04  0.400717E+04 -0.100637E+00  0.384748E+04 -0.160741E+04  0.368806E+03
  0.102405E+00  0.468246E+04  0.181272E+03  0.100923E+03  0.845122E+01  0.900704E+01  0.382970E+04  0.398509E+04  0.384731E+04 -0.966161E-01  0.372608E+04 -0.180043E+04  0.363608E+03
  0.105156E+00  0.454185E+04  0.667418E+02 -0.149240E+02  0.105864E+02  0.108761E+02  0.369854E+04  0.384852E+04  0.369685E+04 -0.927732E-01  0.360882E+04 -0.183019E+04  0.348487E+03
  0.107908E+00  0.440779E+04 -0.351435E+02 -0.110680E+03  0.153783E+02  0.154924E+02  0.357468E+04  0.371945E+04  0.355728E+04 -0.891603E-01  0.349555E+04 -0.170624E+04  0.324790E+03
  0.110659E+00  0.427978E+04 -0.118899E+03 -0.181976E+03  0.204633E+02  0.205218E+02  0.345846E+04  0.359829E+04  0.342948E+04 -0.858164E-01  0.338627E+04 -0.144856E+04  0.294370E+03
  0.113411E+00  0.415739E+04 -0.180824E+03 -0.226773E+03  0.237783E+02  0.238949E+02  0.334999E+04  0.348528E+04  0.331374E+04 -0.827655E-01  0.328104E+04 -0.108540E+04  0.259402E+03
  0.116163E+00  0.404027E+04 -0.219082E+03 -0.245239E+03  0.240880E+02  0.243395E+02  0.324920E+04  0.338037E+04  0.320987E+04 -0.800162E-01  0.318001E+04 -0.650781E+03  0.222189E+03
  0.118914E+00  0.392807E+04 -0.233629E+03 -0.239478E+03  0.212146E+02  0.216235E+02  0.315583E+04  0.328330E+04  0.311724E+04 -0.775628E-01  0.308331E+04 -0.181619E+03  0.184987E+03
  0.121666E+00  0.382055E+04 -0.226046E+03 -0.213146E+03  0.159490E+02  0.164827E+02  0.306944E+04  0.319361E+04  0.303486E+04 -0.753865E-01  0.299104E+04  0.285123E+03  0.149846E+03
  0.124418E+00  0.371744E+04 -0.199273E+03 -0.171000E+03  0.970919E+01  0.102953E+02  0.298946E+04  0.311063E+04  0.296148E+04 -0.734587E-01  0.290326E+04  0.715126E+03  0.118493E+03
  0.127169E+00  0.361855E+04 -0.157277E+03 -0.118414E+03  0.406994E+01  0.462052E+01  0.291518E+04  0.303356E+04  0.289560E+04 -0.717432E-01  0.281997E+04  0.107902E+04  0.922366E+02
  0.129921E+00  0.352368E+04 -0.104681E+03 -0.609034E+02  0.306268E+00  0.745068E+00  0.284582E+04  0.296154E+04  0.283562E+04 -0.701993E-01  0.274108E+04  0.135424E+04  0.719198E+02
  0.132673E+00  0.343266E+04 -0.463878E+02 -0.369328E+01 -0.927545E+00 -0.643975E+00  0.278053E+04  0.289365E+04  0.277984E+04 -0.687844E-01  0.266646E+04  0.152619E+04  0.579067E+02
  0.135424E+00  0.334531E+04  0.127855E+02  0.486441E+02  0.287389E+00  0.415314E+00  0.271845E+04  0.282900E+04  0.272665E+04 -0.674572E-01  0.259590E+04  0.158881E+04  0.501041E+02
  0.138176E+00  0.326148E+04  0.684258E+02  0.924626E+02  0.323351E+01  0.324558E+01  0.265877E+04  0.276678E+04  0.267456E+04 -0.661795E-01  0.252914E+04  0.154447E+04  0.480132E+02
  0.140927E+00  0.318102E+04  0.116794E+03  0.125214E+03  0.681844E+01  0.678061E+01  0.260077E+04  0.270628E+04  0.262234E+04 -0.649184E-01  0.246591E+04  0.140324E+04  0.508047E+02
  0.143679E+00  0.310376E+04  0.155018E+03  0.145521E+03  0.991030E+01  0.989430E+01  0.254385E+04  0.264691E+04  0.256907E+04 -0.636478E-01  0.240589E+04  0.118163E+04  0.574091E+02
  0.146431E+00  0.302956E+04  0.181212E+03  0.153143E+03  0.116476E+02  0.117104E+02  0.248757E+04  0.258827E+04  0.251420E+04 -0.623493E-01  0.234875E+04  0.900955E+03  0.666155E+02
  0.149182E+00  0.295826E+04  0.194516E+03  0.148876E+03  0.116422E+02  0.118111E+02  0.243166E+04  0.253008E+04  0.245757E+04 -0.610127E-01  0.229417E+04  0.585467E+03  0.771706E+02
  0.151934E+00  0.288972E+04  0.195061E+03  0.134364E+03  0.100318E+02  0.102992E+02  0.237602E+04  0.247224E+04  0.239937E+04 -0.596357E-01  0.224186E+04  0.260363E+03  0.878701E+02
  0.154686E+00  0.282378E+04  0.183872E+03  0.111879E+03  0.738289E+01  0.771097E+01  0.232070E+04  0.241478E+04  0.234007E+04 -0.582234E-01  0.219154E+04 -0.501397E+02  0.976392E+02
  0.157437E+00  0.276030E+04  0.162713E+03  0.840725E+02  0.448726E+01  0.482116E+01  0.226589E+04  0.235785E+04  0.228036E+04 -0.567866E-01  0.214294E+04 -0.324508E+03  0.105595E+03
  0.160189E+00  0.269914E+04  0.133899E+03  0.537221E+02  0.211774E+01  0.240254E+01  0.221184E+04  0.230171E+04  0.222103E+04 -0.553408E-01  0.209586E+04 -0.545313E+03  0.111088E+03
  0.162941E+00  0.264016E+04  0.100084E+03  0.234990E+02  0.815138E+00  0.101164E+01  0.215886E+04  0.224663E+04  0.216288E+04 -0.539040E-01  0.205014E+04 -0.700233E+03  0.113727E+03
  0.165692E+00  0.258326E+04  0.640415E+02 -0.423278E+01  0.761415E+00  0.856393E+00  0.210728E+04  0.219296E+04  0.210663E+04 -0.524951E-01  0.200565E+04 -0.782620E+03  0.113379E+03
  0.168444E+00  0.252830E+04  0.284655E+02 -0.275710E+02  0.176567E+01  0.177401E+01  0.205739E+04  0.214100E+04  0.205290E+04 -0.511319E-01  0.196229E+04 -0.791606E+03  0.110152E+03
  0.171195E+00  0.247518E+04 -0.421765E+01 -0.451757E+02  0.335560E+01  0.331428E+01  0.200945E+04  0.209105E+04  0.200212E+04 -0.498302E-01  0.192003E+04 -0.731776E+03  0.104364E+03
  0.173947E+00  0.242381E+04 -0.319942E+02 -0.563154E+02  0.493890E+01  0.489506E+01  0.196367E+04  0.204333E+04  0.195459E+04 -0.486018E-01  0.187885E+04 -0.612454E+03  0.964963E+02
  0.176699E+00  0.237410E+04 -0.533708E+02 -0.608594E+02  0.598311E+01  0.597994E+01  0.192016E+04  0.199801E+04  0.191039E+04 -0.474550E-01  0.183875E+04 -0.446693E+03  0.871444E+02
  0.179450E+00  0.232596E+04 -0.674336E+02 -0.592220E+02  0.616182E+01  0.622654E+01  0.187898E+04  0.195515E+04  0.186951E+04 -0.463932E-01  0.179977E+04 -0.250054E+03  0.769617E+02
  0.182202E+00  0.227933E+04 -0.738601E+02 -0.522704E+02  0.542966E+01  0.556674E+01  0.184013E+04  0.191475E+04  0.183177E+04 -0.454157E-01  0.176194E+04 -0.392778E+02  0.666062E+02
  0.184954E+00  0.223414E+04 -0.728978E+02 -0.412048E+02  0.401124E+01  0.420261E+01  0.180353E+04  0.187671E+04  0.179691E+04 -0.445179E-01  0.172528E+04  0.169028E+03  0.566917E+02
  0.187705E+00  0.219033E+04 -0.652903E+02 -0.274253E+02  0.231473E+01  0.252641E+01  0.176902E+04  0.184087E+04  0.176459E+04 -0.436922E-01  0.168983E+04  0.359615E+03  0.477471E+02
  0.190457E+00  0.214785E+04 -0.521862E+02 -0.123959E+02  0.800828E+00  0.993721E+00  0.173641E+04  0.180700E+04  0.173439E+04 -0.429282E-01  0.165560E+04  0.519619E+03  0.401859E+02
  0.193209E+00  0.210665E+04 -0.350240E+02  0.248104E+01 -0.152424E+00 -0.108848E-01  0.170547E+04  0.177484E+04  0.170588E+04 -0.422144E-01  0.162258E+04  0.639351E+03  0.342869E+02
  0.195960E+00  0.206668E+04 -0.154026E+02  0.159728E+02 -0.350506E+00 -0.277269E+00  0.167593E+04  0.174411E+04  0.167859E+04 -0.415385E-01  0.159076E+04  0.712782E+03  0.301869E+02
  0.198712E+00  0.202791E+04  0.504116E+01  0.270983E+02  0.176476E+00  0.184164E+00  0.164751E+04  0.171451E+04  0.165207E+04 -0.408886E-01  0.156012E+04  0.737731E+03  0.278840E+02
  0.201463E+00  0.199029E+04  0.247552E+02  0.351810E+02  0.119930E+01  0.116208E+01  0.161993E+04  0.168577E+04  0.162593E+04 -0.402535E-01  0.153061E+04  0.715746E+03  0.272514E+02
  0.204215E+00  0.195378E+04  0.423717E+02  0.398711E+02  0.236928E+01  0.231882E+01  0.159295E+04  0.165764E+04  0.159983E+04 -0.396239E-01  0.150217E+04  0.651724E+03  0.280581E+02
  0.206967E+00  0.191833E+04  0.567883E+02  0.411388E+02  0.332330E+01  0.329387E+01  0.156635E+04  0.162993E+04  0.157352E+04 -0.389924E-01  0.147474E+04  0.553297E+03  0.299963E+02
  0.209718E+00  0.188393E+04  0.672257E+02  0.392415E+02  0.378152E+01  0.380454E+01  0.153999E+04  0.160247E+04  0.154687E+04 -0.383540E-01  0.144824E+04  0.430071E+03  0.327105E+02
  0.212470E+00  0.185052E+04  0.732503E+02  0.346714E+02  0.362521E+01  0.391242E+01  0.151376E+04  0.157516E+04  0.151986E+04 -0.377068E-01  0.142262E+04  0.292766E+03  0.358283E+02
  0.215222E+00  0.181806E+04  0.747804E+02  0.280887E+02  0.292033E+01  0.314574E+01  0.148760E+04  0.154798E+04  0.149254E+04 -0.370490E-01  0.139779E+04  0.152336E+03  0.389891E+02
  0.217973E+00  0.178653E+04  0.720587E+02  0.202489E+02  0.188572E+01  0.200261E+01  0.146154E+04  0.152090E+04  0.146509E+04 -0.363837E-01  0.137368E+04  0.191492E+02  0.418685E+02
  0.226691E+00  0.169228E+04  0.425614E+02 -0.440537E+01 -0.355162E+00 -0.527554E+00  0.138052E+04  0.143669E+04  0.137975E+04 -0.342757E-01  0.130139E+04 -0.264190E+03  0.465310E+02
  0.235758E+00  0.160250E+04  0.190386E+01 -0.159752E+02  0.149301E+01  0.156796E+01  0.130164E+04  0.135452E+04  0.129907E+04 -0.322275E-01  0.123169E+04 -0.248761E+03  0.423088E+02
  0.245187E+00  0.151691E+04 -0.212126E+02 -0.928606E+01  0.213399E+01  0.238242E+01  0.122873E+04  0.127861E+04  0.122733E+04 -0.303993E-01  0.116446E+04  0.504393E+01  0.318599E+02
  0.254993E+00  0.143530E+04 -0.140170E+02  0.496293E+01 -0.810898E-01 -0.195302E+00  0.116343E+04  0.121076E+04  0.116426E+04 -0.288260E-01  0.110024E+04  0.262997E+03  0.221219E+02
  0.265191E+00  0.135756E+04  0.113917E+02  0.119242E+02  0.642475E+00  0.611491E+00  0.110411E+04  0.114900E+04  0.110617E+04 -0.274051E-01  0.103959E+04  0.315042E+03  0.184080E+02
  0.275797E+00  0.128359E+04  0.298283E+02  0.710289E+01  0.154266E+01  0.180805E+01  0.104684E+04  0.108935E+04  0.104816E+04 -0.259913E-01  0.982547E+03  0.155105E+03  0.202138E+02
  0.286828E+00  0.121331E+04  0.261938E+02 -0.120743E+01 -0.144284E+00 -0.253380E+00  0.989149E+03  0.102939E+04  0.988935E+03 -0.245287E-01  0.928622E+03 -0.304482E+02  0.225284E+02
  0.298299E+00  0.114656E+04  0.839723E+01 -0.339829E+01  0.696290E+00  0.698772E+00  0.932333E+03  0.970225E+03  0.931816E+03 -0.230907E-01  0.877206E+03 -0.633048E+02  0.212428E+02
  0.310230E+00  0.108315E+04 -0.325741E+01  0.460276E+00  0.781195E+00  0.975000E+00  0.879121E+03  0.914837E+03  0.879259E+03 -0.217749E-01  0.828068E+03  0.462081E+02  0.169803E+02
  0.322637E+00  0.102292E+04  0.106195E+01  0.331352E+01 -0.145336E+00 -0.348416E+00  0.830800E+03  0.864605E+03  0.831346E+03 -0.205958E-01  0.781394E+03  0.139268E+03  0.134093E+02
  0.335541E+00  0.965726E+03  0.115671E+02  0.195133E+01  0.874862E+00  0.104732E+01  0.785974E+03  0.817899E+03  0.786369E+03 -0.194882E-01  0.737322E+03  0.113807E+03  0.125199E+02
  0.348961E+00  0.911459E+03  0.136915E+02 -0.111836E+00 -0.902189E-01 -0.138043E+00  0.742176E+03  0.772368E+03  0.742150E+03 -0.183922E-01  0.695672E+03  0.331371E+02  0.127919E+02
  0.362918E+00  0.860003E+03  0.685158E+01  0.556500E-01  0.523701E+00  0.525307E+00  0.699400E+03  0.727825E+03  0.699449E+03 -0.173251E-01  0.656137E+03  0.100146E+02  0.119952E+02
  0.377433E+00  0.811230E+03  0.219579E+01  0.876424E+00  0.759345E-01  0.154395E+00  0.659086E+03  0.685886E+03  0.659239E+03 -0.163301E-01  0.618579E+03  0.495675E+02  0.101574E+02
  0.392528E+00  0.765010E+03  0.475028E+01  0.693646E+00  0.309532E+00  0.221756E+00  0.621936E+03  0.647223E+03  0.622077E+03 -0.154119E-01  0.583045E+03  0.723881E+02  0.876517E+01
  0.408227E+00  0.721227E+03  0.778266E+01  0.342384E+00  0.791476E-01  0.196667E+00  0.586833E+03  0.610693E+03  0.586897E+03 -0.145396E-01  0.549485E+03  0.495414E+02  0.825127E+01
  0.424554E+00  0.679769E+03  0.602569E+01  0.357182E+00  0.276251E+00  0.189193E+00  0.552905E+03  0.575386E+03  0.552987E+03 -0.136969E-01  0.517719E+03  0.282937E+02  0.776704E+01
  0.441534E+00  0.640526E+03  0.352410E+01  0.307423E+00 -0.248201E-01  0.471337E-01  0.520661E+03  0.541836E+03  0.520711E+03 -0.128987E-01  0.487618E+03  0.365172E+02  0.688353E+01
  0.459193E+00  0.603397E+03  0.416607E+01  0.283534E+00  0.308061E+00  0.301198E+00  0.490616E+03  0.510558E+03  0.490687E+03 -0.121541E-01  0.459168E+03  0.453400E+02  0.607191E+01
  0.477558E+00  0.568282E+03  0.505029E+01  0.288917E+00 -0.808827E-01 -0.127403E+00  0.462216E+03  0.481021E+03  0.462258E+03 -0.114501E-01  0.432311E+03  0.358635E+02  0.559320E+01
  0.496658E+00  0.535082E+03  0.399538E+01  0.178555E+00  0.199463E+00  0.318001E+00  0.435116E+03  0.452801E+03  0.435162E+03 -0.107782E-01  0.406922E+03  0.289359E+02  0.512767E+01
  0.516522E+00  0.503700E+03  0.334454E+01  0.178690E+00  0.939114E-01 -0.289288E-01  0.409522E+03  0.426180E+03  0.409560E+03 -0.101440E-01  0.382918E+03  0.326457E+02  0.456897E+01
  0.537180E+00  0.474046E+03  0.368498E+01  0.185223E+00 -0.497790E-01  0.130165E-01  0.385495E+03  0.401174E+03  0.385522E+03 -0.954879E-02  0.360262E+03  0.311682E+02  0.412763E+01
  0.558664E+00  0.446037E+03  0.339533E+01  0.122767E+00  0.144394E+00  0.206222E+00  0.362714E+03  0.377459E+03  0.362746E+03 -0.898406E-02  0.338878E+03  0.263802E+02  0.376875E+01
  0.581008E+00  0.419587E+03  0.295763E+01  0.121469E+00  0.100392E+00  0.571396E-02  0.341163E+03  0.355039E+03  0.341191E+03 -0.845009E-02  0.318685E+03  0.263698E+02  0.338978E+01
  0.604245E+00  0.394617E+03  0.295086E+01  0.111347E+00 -0.374073E-01 -0.422700E-01  0.320883E+03  0.333936E+03  0.320899E+03 -0.794777E-02  0.299634E+03  0.251913E+02  0.306013E+01
  0.628412E+00  0.371051E+03  0.274068E+01  0.851218E-01 -0.811499E-02  0.735490E-01  0.301720E+03  0.313989E+03  0.301734E+03 -0.747289E-02  0.281665E+03  0.227589E+02  0.277587E+01
  0.653545E+00  0.348819E+03  0.251987E+01  0.800806E-01  0.749006E-01  0.106104E+00  0.283635E+03  0.295167E+03  0.283654E+03 -0.702486E-02  0.264717E+03  0.219960E+02  0.250227E+01
  0.816179E+00  0.244845E+03  0.177616E+01  0.385378E-01 -0.749515E-02  0.292445E-01  0.199090E+03  0.207187E+03  0.199096E+03 -0.493058E-02  0.185564E+03  0.153920E+02  0.140476E+01
  0.101928E+01  0.170833E+03  0.123391E+01  0.161331E-01  0.167683E-01  0.468814E-02  0.138908E+03  0.144557E+03  0.138912E+03 -0.343993E-02  0.129328E+03  0.107513E+02  0.783798E+00
  0.127293E+01  0.118553E+03  0.852142E+00  0.723921E-02  0.116608E-01  0.740506E-02  0.963969E+02  0.100317E+03  0.963991E+02 -0.238711E-02  0.896650E+02  0.747041E+01  0.435050E+00
  0.158970E+01  0.818731E+02  0.586802E+00  0.320777E-02  0.511539E-02  0.537446E-03  0.665718E+02  0.692794E+02  0.665727E+02 -0.164851E-02  0.618737E+02  0.516306E+01  0.240354E+00
  0.198529E+01  0.562950E+02  0.403071E+00  0.141519E-02  0.137548E-03  0.215148E-02  0.457740E+02  0.476357E+02  0.457743E+02 -0.113348E-02  0.425146E+02  0.355183E+01  0.132229E+00
  0.247933E+01  0.385547E+02  0.275801E+00  0.621872E-03 -0.111619E-02 -0.107554E-02  0.313491E+02  0.326242E+02  0.313491E+02 -0.776278E-03  0.290997E+02  0.243333E+01  0.724653E-01
  0.309631E+01  0.263102E+02  0.188103E+00  0.272270E-03 -0.650472E-05  0.632057E-03  0.213930E+02  0.222631E+02  0.213930E+02 -0.529739E-03  0.198476E+02  0.166088E+01  0.395742E-01
  0.386683E+01  0.178958E+02  0.127918E+00  0.118813E-03  0.260783E-03  0.156043E-03  0.145512E+02  0.151430E+02  0.145512E+02 -0.360318E-03  0.134939E+02  0.112986E+01  0.215430E-01
  0.482908E+01  0.121361E+02  0.867526E-01  0.516911E-04 -0.949833E-04 -0.163990E-03  0.986796E+01  0.102693E+02  0.986797E+01 -0.244352E-03  0.914724E+01  0.766298E+00  0.116931E-01
  0.603079E+01  0.820779E+01  0.586500E-01  0.224264E-04  0.689596E-04 -0.945432E-05  0.667380E+01  0.694524E+01  0.667381E+01 -0.165257E-03  0.618412E+01  0.518288E+00  0.632981E-02
  0.753155E+01  0.553714E+01  0.395694E-01  0.970513E-05  0.361456E-04  0.418882E-04  0.450229E+01  0.468541E+01  0.450229E+01 -0.111486E-03  0.417058E+01  0.349663E+00  0.341810E-02
  0.940577E+01  0.372690E+01  0.266340E-01  0.419014E-05  0.198512E-04  0.165034E-04  0.303037E+01  0.315362E+01  0.303037E+01 -0.750380E-04  0.280627E+01  0.235356E+00  0.184160E-02
  0.117464E+02  0.250317E+01  0.178877E-01  0.180518E-05  0.368118E-05  0.294133E-05  0.203534E+01  0.211812E+01  0.203534E+01 -0.503992E-04  0.188432E+01  0.158080E+00  0.990147E-03
  0.146695E+02  0.167797E+01  0.119909E-01  0.776156E-06 -0.221711E-05 -0.234101E-05  0.136437E+01  0.141986E+01  0.136437E+01 -0.337845E-04  0.126283E+01  0.105969E+00  0.531333E-03
  0.183199E+02  0.112277E+01  0.802367E-02  0.333103E-06  0.251304E-05  0.384849E-06  0.912933E+00  0.950064E+00  0.912933E+00 -0.226061E-04  0.844800E+00  0.709070E-01  0.284615E-03
  0.228788E+02  0.750017E+00  0.536004E-02  0.142715E-06 -0.198695E-06 -0.103767E-05  0.609843E+00  0.634647E+00  0.609843E+00 -0.151010E-04  0.564214E+00  0.473665E-01  0.152206E-03
  0.285722E+02  0.500235E+00  0.357504E-02  0.610482E-07  0.484783E-07 -0.644460E-07  0.406744E+00  0.423287E+00  0.406744E+00 -0.100718E-04  0.376240E+00  0.315917E-01  0.812706E-04
  0.356824E+02  0.333155E+00  0.238102E-02  0.260756E-07  0.209276E-06 -0.206239E-06  0.270890E+00  0.281908E+00  0.270890E+00 -0.670779E-05  0.250531E+00  0.210399E-01  0.433324E-04
  0.445619E+02  0.221580E+00  0.158363E-02  0.111224E-07  0.162631E-06  0.504874E-07  0.180168E+00  0.187496E+00  0.180168E+00 -0.446133E-05  0.166600E+00  0.139933E-01  0.230734E-04
  0.556510E+02  0.147186E+00  0.105195E-02  0.473810E-08 -0.120680E-06 -0.878035E-07  0.119678E+00  0.124545E+00  0.119678E+00 -0.296346E-05  0.110648E+00  0.929483E-02  0.122706E-04
  0.694997E+02  0.976534E-01  0.697929E-03  0.201596E-08 -0.465795E-07  0.122987E-07  0.794026E-01  0.826321E-01  0.794026E-01 -0.196617E-05  0.734013E-01  0.616651E-02  0.651797E-05
  0.867947E+02  0.647182E-01  0.462529E-03  0.856774E-09 -0.187774E-07 -0.296017E-07  0.526228E-01  0.547631E-01  0.526228E-01 -0.130305E-05  0.486391E-01  0.408640E-02  0.345846E-05
  0.108393E+03  0.428462E-01  0.306194E-03  0.363737E-09  0.776087E-08 -0.174521E-08  0.348385E-01  0.362555E-01  0.348385E-01 -0.862672E-06  0.321972E-01  0.270499E-02  0.183318E-05
  0.135367E+03  0.283382E-01  0.202491E-03  0.154257E-09 -0.455760E-08 -0.658403E-08  0.230419E-01  0.239791E-01  0.230419E-01 -0.570565E-06  0.212925E-01  0.178867E-02  0.970753E-06
  0.169053E+03  0.187254E-01  0.133776E-03  0.653549E-10 -0.302350E-08  0.106057E-08  0.152257E-01  0.158450E-01  0.152257E-01 -0.377019E-06  0.140682E-01  0.118151E-02  0.513593E-06
  0.211122E+03  0.123626E-01  0.882912E-04  0.276622E-10 -0.200459E-08 -0.487632E-09  0.100521E-01  0.104609E-01  0.100521E-01 -0.248910E-06  0.928693E-02  0.779621E-03  0.271495E-06
  0.263659E+03  0.815513E-02  0.582124E-04  0.116967E-10  0.230206E-09  0.159156E-09  0.663097E-02  0.690067E-02  0.663097E-02 -0.164196E-06  0.612564E-02  0.513851E-03  0.143404E-06
  0.329270E+03  0.537543E-02  0.383393E-04  0.494121E-11  0.326661E-09 -0.248350E-09  0.437078E-02  0.454856E-02  0.437078E-02 -0.108229E-06  0.403732E-02  0.338256E-03  0.756905E-07
  0.411209E+03  0.354058E-02  0.252203E-04  0.208508E-11 -0.292056E-10  0.202737E-09  0.287886E-02  0.299595E-02  0.287886E-02 -0.712863E-07  0.265899E-02  0.222337E-03  0.399240E-07
  0.513537E+03  0.233041E-02  0.165667E-04  0.878634E-12 -0.140825E-09 -0.614795E-10  0.189485E-02  0.197192E-02  0.189485E-02 -0.469204E-07  0.175000E-02  0.145871E-03  0.210460E-07
  0.641331E+03  0.153285E-02  0.108627E-04  0.369698E-12 -0.677639E-10 -0.731301E-10  0.124636E-02  0.129705E-02  0.124636E-02 -0.308623E-07  0.115099E-02  0.954676E-04  0.110889E-07
  0.800925E+03  0.100761E-02  0.710567E-05  0.155203E-12 -0.186529E-10  0.290753E-10  0.819279E-03  0.852601E-03  0.819279E-03 -0.202870E-07  0.756539E-03  0.622654E-04  0.584037E-08
  0.100023E+04  0.661946E-03  0.463254E-05  0.650186E-13  0.509510E-11 -0.110091E-10  0.538218E-03  0.560109E-03  0.538218E-03 -0.133274E-07  0.496971E-03  0.404086E-04  0.307539E-08
  0.124914E+04  0.434614E-03  0.300565E-05  0.271199E-13 -0.641387E-11 -0.112185E-10  0.353372E-03  0.367745E-03  0.353372E-03 -0.875021E-08  0.326274E-03  0.260309E-04  0.161943E-08
  0.155999E+04  0.285198E-03  0.193626E-05  0.112573E-13 -0.240873E-11 -0.186651E-11  0.231881E-03  0.241312E-03  0.231881E-03 -0.574184E-08  0.214090E-03  0.165826E-04  0.853026E-09
  0.194819E+04  0.187052E-03  0.123413E-05  0.463341E-14 -0.621455E-13 -0.104349E-11  0.152078E-03  0.158263E-03  0.152078E-03 -0.376575E-08  0.140405E-03  0.103854E-04  0.449655E-09
  0.243300E+04  0.122619E-03  0.774099E-06  0.188670E-14 -0.849428E-13 -0.173166E-11  0.996874E-04  0.103742E-03  0.996874E-04 -0.246846E-08  0.920349E-04  0.633655E-05  0.237319E-09
  0.303844E+04  0.803431E-04  0.474048E-06  0.752609E-15 -0.149799E-13  0.956537E-13  0.653126E-04  0.679690E-04  0.653126E-04 -0.161727E-08  0.602996E-04  0.371432E-05  0.125474E-09
  0.379456E+04  0.526185E-04  0.280216E-06  0.297525E-15 -0.220498E-12  0.140314E-11  0.427702E-04  0.445098E-04  0.427702E-04 -0.105908E-08  0.394890E-04  0.204779E-05  0.664799E-10
  0.473883E+04  0.344459E-04  0.157462E-06  0.111153E-15 -0.245862E-13  0.109509E-11  0.279950E-04  0.291336E-04  0.279950E-04 -0.693212E-09  0.258491E-04  0.102894E-05  0.352887E-10
  0.591808E+04  0.225399E-04  0.826239E-07  0.411572E-16 -0.118320E-12 -0.149022E-12  0.183157E-04  0.190606E-04  0.183157E-04 -0.453533E-09  0.169134E-04  0.450734E-06  0.187422E-10
  0.739079E+04  0.147432E-04  0.398862E-07  0.152307E-16  0.658143E-13 -0.370369E-12  0.119780E-04  0.124652E-04  0.119780E-04 -0.296600E-09  0.110622E-04  0.163098E-06  0.993573E-11
  0.922998E+04  0.963963E-05  0.177235E-07  0.648356E-17 -0.363368E-13 -0.749761E-12  0.783043E-05  0.814892E-05  0.783043E-05 -0.193897E-09  0.723235E-05  0.471729E-07  0.524491E-11
  0.115268E+05  0.630038E-05  0.744807E-08  0.171370E-17 -0.197365E-13  0.389594E-12  0.511729E-05  0.532542E-05  0.511729E-05 -0.126714E-09  0.472669E-05  0.121432E-07  0.275569E-11
  0.143953E+05  0.411639E-05  0.308383E-08  0.113884E-17  0.173323E-13  0.347553E-12  0.334315E-05  0.347912E-05  0.334315E-05 -0.827830E-10  0.308802E-05  0.398903E-08  0.144345E-11
  0.179775E+05  0.268854E-05  0.128681E-08  0.648394E-18  0.813463E-14  0.315672E-12  0.218340E-05  0.227220E-05  0.218340E-05 -0.540653E-10  0.201677E-05  0.172742E-08  0.755188E-12
