  0.742942E-04  0.198412E+08  0.198412E+08  0.257535E+08  0.257525E+08  0.198415E+08  0.198412E+08  0.198412E+08  0.198477E+08 -0.472770E+00  0.104584E+08  0.104584E+08  0.421164E-01
  0.103686E-03  0.198400E+08  0.198400E+08  0.251030E+08  0.251011E+08  0.198384E+08  0.198400E+08  0.198400E+08  0.198463E+08 -0.472734E+00  0.104577E+08  0.104577E+08  0.587068E-01
  0.144705E-03  0.198376E+08  0.198376E+08  0.238789E+08  0.238754E+08  0.198326E+08  0.198376E+08  0.198376E+08  0.198437E+08 -0.472664E+00  0.104565E+08  0.104565E+08  0.817403E-01
  0.201953E-03  0.198331E+08  0.198331E+08  0.216503E+08  0.216442E+08  0.198211E+08  0.198331E+08  0.198331E+08  0.198386E+08 -0.472531E+00  0.104541E+08  0.104541E+08  0.113569E+00
  0.281848E-03  0.198245E+08  0.198244E+08  0.178494E+08  0.178404E+08  0.197990E+08  0.198243E+08  0.198245E+08  0.198289E+08 -0.472279E+00  0.104494E+08  0.104494E+08  0.157178E+00
  0.393350E-03  0.198081E+08  0.198080E+08  0.121649E+08  0.121551E+08  0.197567E+08  0.198078E+08  0.198081E+08  0.198109E+08 -0.471815E+00  0.104406E+08  0.104406E+08  0.216074E+00
  0.548964E-03  0.197778E+08  0.197777E+08  0.569166E+07  0.568818E+07  0.196766E+08  0.197773E+08  0.197777E+08  0.197787E+08 -0.470995E+00  0.104243E+08  0.104243E+08  0.293969E+00
  0.766141E-03  0.197236E+08  0.197236E+08  0.166927E+07  0.167372E+07  0.195284E+08  0.197227E+08  0.197236E+08  0.197231E+08 -0.469613E+00  0.103951E+08  0.103951E+08  0.394820E+00
  0.106924E-02  0.196309E+08  0.196308E+08  0.936675E+06  0.932709E+06  0.192624E+08  0.196293E+08  0.196309E+08  0.196295E+08 -0.467350E+00  0.103455E+08  0.103455E+08  0.524348E+00
  0.149224E-02  0.194781E+08  0.194779E+08  0.230252E+06  0.221956E+06  0.188070E+08  0.194750E+08  0.194781E+08  0.194751E+08 -0.463662E+00  0.102641E+08  0.102641E+08  0.691115E+00
  0.208259E-02  0.192341E+08  0.192336E+08 -0.107850E+06 -0.107909E+06  0.180888E+08  0.192289E+08  0.192340E+08  0.192288E+08 -0.457791E+00  0.101345E+08  0.101345E+08  0.905274E+00
  0.290648E-02  0.188582E+08  0.188573E+08 -0.542919E+05 -0.543212E+05  0.170626E+08  0.188500E+08  0.188581E+08  0.188499E+08 -0.448767E+00  0.993506E+07  0.993505E+07  0.117936E+01
  0.405633E-02  0.183031E+08  0.183013E+08 -0.270599E+05 -0.270745E+05  0.157137E+08  0.182911E+08  0.183028E+08  0.182911E+08 -0.435460E+00  0.964098E+07  0.964096E+07  0.152807E+01
  0.419382E-02  0.182358E+08  0.182339E+08 -0.252226E+05 -0.252362E+05  0.155598E+08  0.182234E+08  0.182355E+08  0.182234E+08 -0.433848E+00  0.960536E+07  0.960534E+07  0.156765E+01
  0.433597E-02  0.181662E+08  0.181641E+08 -0.235066E+05 -0.235193E+05  0.154025E+08  0.181533E+08  0.181658E+08  0.181533E+08 -0.432181E+00  0.956851E+07  0.956849E+07  0.160815E+01
  0.448293E-02  0.180941E+08  0.180919E+08 -0.219043E+05 -0.219161E+05  0.152411E+08  0.180809E+08  0.180938E+08  0.180809E+08 -0.430456E+00  0.953039E+07  0.953037E+07  0.164959E+01
  0.463488E-02  0.180197E+08  0.180173E+08 -0.204081E+05 -0.204191E+05  0.150765E+08  0.180060E+08  0.180193E+08  0.180060E+08 -0.428673E+00  0.949098E+07  0.949096E+07  0.169197E+01
  0.479198E-02  0.179427E+08  0.179402E+08 -0.190112E+05 -0.190215E+05  0.149085E+08  0.179286E+08  0.179423E+08  0.179286E+08 -0.426831E+00  0.945026E+07  0.945024E+07  0.173532E+01
  0.495441E-02  0.178632E+08  0.178606E+08 -0.177071E+05 -0.177167E+05  0.147369E+08  0.178487E+08  0.178628E+08  0.178487E+08 -0.424927E+00  0.940820E+07  0.940818E+07  0.177963E+01
  0.512234E-02  0.177811E+08  0.177783E+08 -0.164898E+05 -0.164987E+05  0.145618E+08  0.177662E+08  0.177807E+08  0.177661E+08 -0.422962E+00  0.936477E+07  0.936474E+07  0.182493E+01
  0.529596E-02  0.176964E+08  0.176934E+08 -0.153536E+05 -0.153619E+05  0.143833E+08  0.176810E+08  0.176959E+08  0.176810E+08 -0.420934E+00  0.931995E+07  0.931992E+07  0.187123E+01
  0.547547E-02  0.176090E+08  0.176058E+08 -0.142932E+05 -0.143009E+05  0.142011E+08  0.175931E+08  0.176085E+08  0.175931E+08 -0.418842E+00  0.927370E+07  0.927367E+07  0.191852E+01
  0.566106E-02  0.175188E+08  0.175154E+08 -0.133036E+05 -0.133108E+05  0.140154E+08  0.175024E+08  0.175183E+08  0.175024E+08 -0.416684E+00  0.922601E+07  0.922598E+07  0.196683E+01
  0.585294E-02  0.174259E+08  0.174222E+08 -0.123802E+05 -0.123869E+05  0.138261E+08  0.174090E+08  0.174253E+08  0.174090E+08 -0.414460E+00  0.917684E+07  0.917681E+07  0.201616E+01
  0.605133E-02  0.173305E+08  0.173266E+08 -0.115192E+05 -0.115254E+05  0.136115E+08  0.173131E+08  0.173299E+08  0.173131E+08 -0.412175E+00  0.912636E+07  0.912633E+07  0.206650E+01
  0.625644E-02  0.172318E+08  0.172276E+08 -0.107155E+05 -0.107213E+05  0.134115E+08  0.172138E+08  0.172311E+08  0.172138E+08 -0.409813E+00  0.907415E+07  0.907411E+07  0.211787E+01
  0.646850E-02  0.171301E+08  0.171257E+08 -0.996592E+04 -0.997129E+04  0.132074E+08  0.171116E+08  0.171294E+08  0.171116E+08 -0.407380E+00  0.902037E+07  0.902033E+07  0.217026E+01
  0.668775E-02  0.170254E+08  0.170207E+08 -0.926681E+04 -0.927181E+04  0.129994E+08  0.170064E+08  0.170246E+08  0.170064E+08 -0.404875E+00  0.896501E+07  0.896497E+07  0.222366E+01
  0.691443E-02  0.169176E+08  0.169126E+08 -0.861488E+04 -0.861953E+04  0.127875E+08  0.168982E+08  0.169168E+08  0.168982E+08 -0.402298E+00  0.890803E+07  0.890798E+07  0.227807E+01
  0.714880E-02  0.168067E+08  0.168014E+08 -0.800702E+04 -0.801134E+04  0.125721E+08  0.167868E+08  0.168059E+08  0.167868E+08 -0.399646E+00  0.884941E+07  0.884936E+07  0.233347E+01
  0.739111E-02  0.166927E+08  0.166871E+08 -0.744033E+04 -0.744434E+04  0.123534E+08  0.166722E+08  0.166918E+08  0.166722E+08 -0.396918E+00  0.878912E+07  0.878907E+07  0.238986E+01
  0.764163E-02  0.165754E+08  0.165695E+08 -0.691209E+04 -0.691582E+04  0.121319E+08  0.165544E+08  0.165745E+08  0.165544E+08 -0.394114E+00  0.872713E+07  0.872708E+07  0.244722E+01
  0.790064E-02  0.164547E+08  0.164483E+08 -0.641967E+04 -0.642313E+04  0.119078E+08  0.164331E+08  0.164537E+08  0.164331E+08 -0.391226E+00  0.866329E+07  0.866323E+07  0.250550E+01
  0.816844E-02  0.163308E+08  0.163240E+08 -0.596089E+04 -0.596410E+04  0.116819E+08  0.163087E+08  0.163298E+08  0.163087E+08 -0.388265E+00  0.859782E+07  0.859776E+07  0.256470E+01
  0.844531E-02  0.162036E+08  0.161964E+08 -0.553344E+04 -0.553642E+04  0.114541E+08  0.161810E+08  0.162025E+08  0.161810E+08 -0.385223E+00  0.853058E+07  0.853051E+07  0.262477E+01
  0.873156E-02  0.160729E+08  0.160653E+08 -0.513525E+04 -0.513801E+04  0.112246E+08  0.160498E+08  0.160717E+08  0.160498E+08 -0.382101E+00  0.846154E+07  0.846147E+07  0.268566E+01
  0.902752E-02  0.159388E+08  0.159307E+08 -0.476437E+04 -0.476693E+04  0.109933E+08  0.159152E+08  0.159376E+08  0.159152E+08 -0.378896E+00  0.839068E+07  0.839061E+07  0.274734E+01
  0.933351E-02  0.158012E+08  0.157926E+08 -0.441899E+04 -0.442137E+04  0.107601E+08  0.157771E+08  0.157999E+08  0.157771E+08 -0.375608E+00  0.831798E+07  0.831790E+07  0.280973E+01
  0.964987E-02  0.156601E+08  0.156510E+08 -0.409745E+04 -0.409965E+04  0.105248E+08  0.156355E+08  0.156587E+08  0.156355E+08 -0.372237E+00  0.824345E+07  0.824337E+07  0.287277E+01
  0.997695E-02  0.155154E+08  0.155057E+08 -0.379810E+04 -0.380014E+04  0.102875E+08  0.154903E+08  0.155139E+08  0.154903E+08 -0.368779E+00  0.816699E+07  0.816690E+07  0.293638E+01
  0.103151E-01  0.153670E+08  0.153567E+08 -0.351949E+04 -0.352138E+04  0.100482E+08  0.153414E+08  0.153654E+08  0.153414E+08 -0.365234E+00  0.808860E+07  0.808851E+07  0.300047E+01
  0.106648E-01  0.152149E+08  0.152040E+08 -0.326022E+04 -0.326198E+04  0.980723E+07  0.151888E+08  0.152132E+08  0.151888E+08 -0.361602E+00  0.800827E+07  0.800818E+07  0.306495E+01
  0.110262E-01  0.150591E+08  0.150476E+08 -0.301901E+04 -0.302063E+04  0.956483E+07  0.150325E+08  0.150573E+08  0.150325E+08 -0.357880E+00  0.792598E+07  0.792587E+07  0.312969E+01
  0.114000E-01  0.148995E+08  0.148872E+08 -0.279463E+04 -0.279613E+04  0.932130E+07  0.148723E+08  0.148976E+08  0.148723E+08 -0.354068E+00  0.784167E+07  0.784156E+07  0.319458E+01
  0.117864E-01  0.147360E+08  0.147231E+08 -0.258597E+04 -0.258736E+04  0.907701E+07  0.147084E+08  0.147340E+08  0.147084E+08 -0.350165E+00  0.775536E+07  0.775524E+07  0.325948E+01
  0.121859E-01  0.145687E+08  0.145550E+08 -0.239196E+04 -0.239325E+04  0.883174E+07  0.145406E+08  0.145666E+08  0.145406E+08 -0.346171E+00  0.766701E+07  0.766689E+07  0.332421E+01
  0.125989E-01  0.143974E+08  0.143830E+08 -0.221162E+04 -0.221281E+04  0.858683E+07  0.143689E+08  0.143952E+08  0.143689E+08 -0.342083E+00  0.757660E+07  0.757647E+07  0.338862E+01
  0.130260E-01  0.142223E+08  0.142070E+08 -0.204402E+04 -0.204512E+04  0.834209E+07  0.141933E+08  0.142199E+08  0.141933E+08 -0.337903E+00  0.748413E+07  0.748400E+07  0.345250E+01
  0.134675E-01  0.140431E+08  0.140270E+08 -0.188831E+04 -0.188932E+04  0.809764E+07  0.140138E+08  0.140406E+08  0.140138E+08 -0.333627E+00  0.738956E+07  0.738942E+07  0.351565E+01
  0.139240E-01  0.138600E+08  0.138429E+08 -0.174367E+04 -0.174460E+04  0.785357E+07  0.138302E+08  0.138573E+08  0.138302E+08 -0.329257E+00  0.729290E+07  0.729275E+07  0.357783E+01
  0.143959E-01  0.136728E+08  0.136548E+08 -0.160936E+04 -0.161022E+04  0.760985E+07  0.136426E+08  0.136700E+08  0.136426E+08 -0.324792E+00  0.719411E+07  0.719396E+07  0.363878E+01
  0.148839E-01  0.134816E+08  0.134626E+08 -0.148467E+04 -0.148547E+04  0.736655E+07  0.134510E+08  0.134787E+08  0.134510E+08 -0.320231E+00  0.709321E+07  0.709304E+07  0.369824E+01
  0.153884E-01  0.132864E+08  0.132664E+08 -0.136896E+04 -0.136969E+04  0.712397E+07  0.132554E+08  0.132833E+08  0.132554E+08 -0.315574E+00  0.699018E+07  0.699000E+07  0.375590E+01
  0.159099E-01  0.130871E+08  0.130660E+08 -0.126160E+04 -0.126227E+04  0.688260E+07  0.130558E+08  0.130838E+08  0.130558E+08 -0.310821E+00  0.688502E+07  0.688484E+07  0.381143E+01
  0.164492E-01  0.128838E+08  0.128616E+08 -0.116203E+04 -0.116265E+04  0.664292E+07  0.128521E+08  0.128803E+08  0.128521E+08 -0.305972E+00  0.677775E+07  0.677756E+07  0.386449E+01
  0.170068E-01  0.126764E+08  0.126531E+08 -0.106971E+04 -0.107028E+04  0.640524E+07  0.126445E+08  0.126728E+08  0.126445E+08 -0.301029E+00  0.666837E+07  0.666817E+07  0.391469E+01
  0.175832E-01  0.124651E+08  0.124407E+08 -0.984149E+03 -0.984677E+03  0.616969E+07  0.124329E+08  0.124613E+08  0.124329E+08 -0.295992E+00  0.655690E+07  0.655669E+07  0.396163E+01
  0.181792E-01  0.122499E+08  0.122242E+08 -0.904884E+03 -0.905370E+03  0.593637E+07  0.122174E+08  0.122459E+08  0.122174E+08 -0.290861E+00  0.644338E+07  0.644316E+07  0.400488E+01
  0.187954E-01  0.120309E+08  0.120040E+08 -0.831481E+03 -0.831927E+03  0.570548E+07  0.119981E+08  0.120267E+08  0.119981E+08 -0.285640E+00  0.632784E+07  0.632761E+07  0.404399E+01
  0.194324E-01  0.118080E+08  0.117799E+08 -0.763536E+03 -0.763945E+03  0.547729E+07  0.117751E+08  0.118037E+08  0.117751E+08 -0.280330E+00  0.621032E+07  0.621008E+07  0.407847E+01
  0.200911E-01  0.115815E+08  0.115521E+08 -0.700672E+03 -0.701048E+03  0.525213E+07  0.115484E+08  0.115770E+08  0.115484E+08 -0.274934E+00  0.609089E+07  0.609064E+07  0.410782E+01
  0.207721E-01  0.113516E+08  0.113208E+08 -0.642540E+03 -0.642884E+03  0.503038E+07  0.113182E+08  0.113468E+08  0.113182E+08 -0.269455E+00  0.596962E+07  0.596936E+07  0.413151E+01
  0.214762E-01  0.111182E+08  0.110862E+08 -0.588811E+03 -0.589126E+03  0.481235E+07  0.110848E+08  0.111133E+08  0.110848E+08 -0.263896E+00  0.584659E+07  0.584632E+07  0.414899E+01
  0.222041E-01  0.108817E+08  0.108484E+08 -0.539180E+03 -0.539469E+03  0.459817E+07  0.108482E+08  0.108766E+08  0.108482E+08 -0.258264E+00  0.572191E+07  0.572164E+07  0.415970E+01
  0.229567E-01  0.106423E+08  0.106077E+08 -0.493364E+03 -0.493628E+03  0.438796E+07  0.106087E+08  0.106369E+08  0.106087E+08 -0.252562E+00  0.559570E+07  0.559541E+07  0.416306E+01
  0.237348E-01  0.104002E+08  0.103643E+08 -0.451096E+03 -0.451338E+03  0.418206E+07  0.103665E+08  0.103946E+08  0.103665E+08 -0.246797E+00  0.546809E+07  0.546780E+07  0.415850E+01
  0.245393E-01  0.101557E+08  0.101186E+08 -0.412129E+03 -0.412350E+03  0.398085E+07  0.101221E+08  0.101500E+08  0.101221E+08 -0.240977E+00  0.533925E+07  0.533894E+07  0.414542E+01
  0.253711E-01  0.990923E+07  0.987087E+07 -0.376233E+03 -0.376435E+03  0.378456E+07  0.987562E+07  0.990329E+07  0.987562E+07 -0.235110E+00  0.520935E+07  0.520903E+07  0.412325E+01
  0.262311E-01  0.966109E+07  0.962156E+07 -0.343192E+03 -0.343376E+03  0.359332E+07  0.962756E+07  0.965497E+07  0.962756E+07 -0.229204E+00  0.507860E+07  0.507827E+07  0.409144E+01
  0.271202E-01  0.941174E+07  0.937110E+07 -0.312806E+03 -0.312974E+03  0.340732E+07  0.937832E+07  0.940545E+07  0.937832E+07 -0.223271E+00  0.494722E+07  0.494689E+07  0.404946E+01
  0.280394E-01  0.916167E+07  0.911998E+07 -0.284887E+03 -0.285040E+03  0.322680E+07  0.912840E+07  0.915521E+07  0.912840E+07 -0.217321E+00  0.481548E+07  0.481514E+07  0.399682E+01
  0.289898E-01  0.891139E+07  0.886875E+07 -0.259261E+03 -0.259400E+03  0.305204E+07  0.887832E+07  0.890478E+07  0.887832E+07 -0.211367E+00  0.468364E+07  0.468330E+07  0.393307E+01
  0.299724E-01  0.866149E+07  0.861801E+07 -0.235764E+03 -0.235890E+03  0.288318E+07  0.862866E+07  0.865475E+07  0.862866E+07 -0.205423E+00  0.455202E+07  0.455168E+07  0.385787E+01
  0.309883E-01  0.841259E+07  0.836839E+07 -0.214243E+03 -0.214358E+03  0.272029E+07  0.838003E+07  0.840574E+07  0.838003E+07 -0.199504E+00  0.442095E+07  0.442060E+07  0.377091E+01
  0.320387E-01  0.816537E+07  0.812058E+07 -0.194556E+03 -0.194660E+03  0.256361E+07  0.813313E+07  0.815843E+07  0.813313E+07 -0.193626E+00  0.429078E+07  0.429042E+07  0.367202E+01
  0.331246E-01  0.792052E+07  0.787531E+07 -0.176570E+03 -0.176664E+03  0.241331E+07  0.788865E+07  0.791352E+07  0.788865E+07 -0.187806E+00  0.416187E+07  0.416152E+07  0.356115E+01
  0.342474E-01  0.767881E+07  0.763334E+07 -0.160158E+03 -0.160244E+03  0.226944E+07  0.764733E+07  0.767176E+07  0.764733E+07 -0.182061E+00  0.403464E+07  0.403429E+07  0.343839E+01
  0.354082E-01  0.744098E+07  0.739545E+07 -0.145204E+03 -0.145282E+03  0.213205E+07  0.740995E+07  0.743393E+07  0.740995E+07 -0.176410E+00  0.390947E+07  0.390912E+07  0.330397E+01
  0.366084E-01  0.720783E+07  0.716244E+07 -0.131597E+03 -0.131667E+03  0.200127E+07  0.717728E+07  0.720079E+07  0.717728E+07 -0.170870E+00  0.378679E+07  0.378644E+07  0.315834E+01
  0.378492E-01  0.697949E+07  0.693446E+07 -0.119223E+03 -0.119287E+03  0.187693E+07  0.694947E+07  0.697252E+07  0.694947E+07 -0.165447E+00  0.366666E+07  0.366632E+07  0.300219E+01
  0.391321E-01  0.675616E+07  0.671172E+07 -0.107977E+03 -0.108035E+03  0.175883E+07  0.672671E+07  0.674928E+07  0.672671E+07 -0.160144E+00  0.354919E+07  0.354886E+07  0.283644E+01
  0.404585E-01  0.653965E+07  0.649603E+07 -0.977873E+02 -0.978396E+02  0.164729E+07  0.651080E+07  0.653289E+07  0.651080E+07 -0.155003E+00  0.343533E+07  0.343501E+07  0.266206E+01
  0.418299E-01  0.633080E+07  0.628824E+07 -0.885696E+02 -0.886170E+02  0.154225E+07  0.630258E+07  0.632421E+07  0.630258E+07 -0.150046E+00  0.332552E+07  0.332521E+07  0.248034E+01
  0.432477E-01  0.613030E+07  0.608904E+07 -0.802432E+02 -0.802860E+02  0.144359E+07  0.610274E+07  0.612391E+07  0.610274E+07 -0.145289E+00  0.322013E+07  0.321983E+07  0.229287E+01
  0.447136E-01  0.593864E+07  0.589892E+07 -0.727303E+02 -0.727691E+02  0.135118E+07  0.591177E+07  0.593248E+07  0.591177E+07 -0.140742E+00  0.311941E+07  0.311913E+07  0.210144E+01
  0.462292E-01  0.575605E+07  0.571809E+07 -0.659565E+02 -0.659917E+02  0.126474E+07  0.572989E+07  0.575017E+07  0.572989E+07 -0.136412E+00  0.302349E+07  0.302323E+07  0.190813E+01
  0.477961E-01  0.558251E+07  0.554651E+07 -0.598507E+02 -0.598827E+02  0.118399E+07  0.555707E+07  0.557694E+07  0.555707E+07 -0.132298E+00  0.293235E+07  0.293210E+07  0.171521E+01
  0.494162E-01  0.541772E+07  0.538384E+07 -0.543456E+02 -0.543746E+02  0.110860E+07  0.539301E+07  0.541247E+07  0.539301E+07 -0.128392E+00  0.284582E+07  0.284559E+07  0.152513E+01
  0.510911E-01  0.526113E+07  0.522952E+07 -0.493785E+02 -0.494049E+02  0.103816E+07  0.523716E+07  0.525624E+07  0.523716E+07 -0.124682E+00  0.276362E+07  0.276342E+07  0.134046E+01
  0.528229E-01  0.511203E+07  0.508278E+07 -0.448915E+02 -0.449155E+02  0.972329E+06  0.508880E+07  0.510750E+07  0.508880E+07 -0.121150E+00  0.268537E+07  0.268519E+07  0.116381E+01
  0.546133E-01  0.496960E+07  0.494276E+07 -0.408325E+02 -0.408543E+02  0.910676E+06  0.494711E+07  0.496544E+07  0.494711E+07 -0.117776E+00  0.261064E+07  0.261047E+07  0.997834E+00
  0.564644E-01  0.483294E+07  0.480849E+07 -0.371543E+02 -0.371741E+02  0.852860E+06  0.481117E+07  0.482915E+07  0.481117E+07 -0.114540E+00  0.253893E+07  0.253879E+07  0.844994E+00
  0.583783E-01  0.470110E+07  0.467899E+07 -0.338151E+02 -0.338332E+02  0.798521E+06  0.468005E+07  0.469768E+07  0.468005E+07 -0.111418E+00  0.246977E+07  0.246965E+07  0.707558E+00
  0.611299E-01  0.452919E+07  0.451007E+07 -0.297178E+02 -0.297337E+02  0.729243E+06  0.450906E+07  0.452623E+07  0.450906E+07 -0.107348E+00  0.237958E+07  0.237948E+07  0.546191E+00
  0.638816E-01  0.436605E+07  0.434941E+07 -0.262376E+02 -0.262516E+02  0.667372E+06  0.434676E+07  0.436347E+07  0.434676E+07 -0.103484E+00  0.229397E+07  0.229389E+07  0.426528E+00
  0.666332E-01  0.421067E+07  0.419593E+07 -0.232610E+02 -0.232734E+02  0.611903E+06  0.419212E+07  0.420839E+07  0.419212E+07 -0.998023E-01  0.221240E+07  0.221233E+07  0.344796E+00
  0.693849E-01  0.405909E+07  0.404566E+07 -0.206833E+02 -0.206943E+02  0.561570E+06  0.404120E+07  0.405701E+07  0.404120E+07 -0.962093E-01  0.213278E+07  0.213272E+07  0.296119E+00
  0.721365E-01  0.390876E+07  0.389608E+07 -0.184290E+02 -0.184388E+02  0.515483E+06  0.389146E+07  0.390680E+07  0.389146E+07 -0.926444E-01  0.205378E+07  0.205372E+07  0.274727E+00
  0.748881E-01  0.375843E+07  0.374599E+07 -0.164435E+02 -0.164522E+02  0.473051E+06  0.374166E+07  0.375650E+07  0.374166E+07 -0.890780E-01  0.197475E+07  0.197469E+07  0.274378E+00
  0.776398E-01  0.360815E+07  0.359553E+07 -0.146879E+02 -0.146958E+02  0.433922E+06  0.359185E+07  0.360620E+07  0.359185E+07 -0.855116E-01  0.189571E+07  0.189564E+07  0.288759E+00
  0.803914E-01  0.345898E+07  0.344588E+07 -0.131340E+02 -0.131410E+02  0.397904E+06  0.344312E+07  0.345695E+07  0.344312E+07 -0.819707E-01  0.181724E+07  0.181716E+07  0.311872E+00
  0.831430E-01  0.331257E+07  0.329878E+07 -0.117597E+02 -0.117660E+02  0.364881E+06  0.329712E+07  0.331044E+07  0.329712E+07 -0.784948E-01  0.174020E+07  0.174011E+07  0.338329E+00
  0.858947E-01  0.317072E+07  0.315617E+07 -0.105467E+02 -0.105523E+02  0.334759E+06  0.315565E+07  0.316846E+07  0.315565E+07 -0.751269E-01  0.166555E+07  0.166546E+07  0.363590E+00
  0.886463E-01  0.303504E+07  0.301976E+07 -0.947858E+01 -0.948363E+01  0.307428E+06  0.302035E+07  0.303268E+07  0.302035E+07 -0.719059E-01  0.159416E+07  0.159406E+07  0.384104E+00
  0.913980E-01  0.290688E+07  0.289099E+07 -0.854004E+01 -0.854459E+01  0.282758E+06  0.289257E+07  0.290442E+07  0.289257E+07 -0.688636E-01  0.152673E+07  0.152662E+07  0.397375E+00
  0.941496E-01  0.278726E+07  0.277095E+07 -0.771707E+01 -0.772118E+01  0.260586E+06  0.277332E+07  0.278473E+07  0.277332E+07 -0.660247E-01  0.146380E+07  0.146369E+07  0.401946E+00
  0.969012E-01  0.267694E+07  0.266045E+07 -0.699682E+01 -0.700055E+01  0.240750E+06  0.266338E+07  0.267438E+07  0.266338E+07 -0.634074E-01  0.140579E+07  0.140567E+07  0.397326E+00
  0.996529E-01  0.257643E+07  0.256003E+07 -0.636755E+01 -0.637095E+01  0.223079E+06  0.256326E+07  0.257389E+07  0.256326E+07 -0.610237E-01  0.135295E+07  0.135284E+07  0.383862E+00
  0.102405E+00  0.248592E+07  0.246989E+07 -0.581838E+01 -0.582148E+01  0.207386E+06  0.247315E+07  0.248344E+07  0.247315E+07 -0.588784E-01  0.130540E+07  0.130529E+07  0.362585E+00
  0.105156E+00  0.240525E+07  0.238982E+07 -0.533910E+01 -0.534195E+01  0.193479E+06  0.239287E+07  0.240286E+07  0.239287E+07 -0.569673E-01  0.126304E+07  0.126293E+07  0.335029E+00
  0.107908E+00  0.233382E+07  0.231921E+07 -0.492005E+01 -0.492267E+01  0.181149E+06  0.232184E+07  0.233156E+07  0.232184E+07 -0.552762E-01  0.122555E+07  0.122545E+07  0.303051E+00
  0.110659E+00  0.227066E+07  0.225702E+07 -0.455215E+01 -0.455457E+01  0.170184E+06  0.225906E+07  0.226855E+07  0.225906E+07 -0.537816E-01  0.119242E+07  0.119233E+07  0.268645E+00
  0.113411E+00  0.221448E+07  0.220191E+07 -0.422707E+01 -0.422932E+01  0.160370E+06  0.220325E+07  0.221253E+07  0.220325E+07 -0.524530E-01  0.116297E+07  0.116289E+07  0.233778E+00
  0.116163E+00  0.216382E+07  0.215236E+07 -0.393738E+01 -0.393947E+01  0.151507E+06  0.215296E+07  0.216205E+07  0.215296E+07 -0.512556E-01  0.113642E+07  0.113636E+07  0.200248E+00
  0.118914E+00  0.211719E+07  0.210680E+07 -0.367662E+01 -0.367858E+01  0.143415E+06  0.210666E+07  0.211558E+07  0.210666E+07 -0.501534E-01  0.111199E+07  0.111193E+07  0.169578E+00
  0.121666E+00  0.207310E+07  0.206371E+07 -0.343936E+01 -0.344119E+01  0.135935E+06  0.206289E+07  0.207164E+07  0.206289E+07 -0.491114E-01  0.108889E+07  0.108884E+07  0.142937E+00
  0.124418E+00  0.203021E+07  0.202169E+07 -0.322113E+01 -0.322285E+01  0.128935E+06  0.202030E+07  0.202889E+07  0.202030E+07 -0.480974E-01  0.106642E+07  0.106637E+07  0.121107E+00
  0.127169E+00  0.198737E+07  0.197957E+07 -0.301840E+01 -0.302001E+01  0.122308E+06  0.197774E+07  0.198616E+07  0.197774E+07 -0.470841E-01  0.104395E+07  0.104391E+07  0.104468E+00
  0.129921E+00  0.194371E+07  0.193644E+07 -0.282853E+01 -0.283004E+01  0.115979E+06  0.193432E+07  0.194258E+07  0.193432E+07 -0.460507E-01  0.102104E+07  0.102101E+07  0.930254E-01
  0.132673E+00  0.189868E+07  0.189175E+07 -0.264970E+01 -0.265111E+01  0.109895E+06  0.188952E+07  0.189760E+07  0.188952E+07 -0.449840E-01  0.997397E+06  0.997363E+06  0.864482E-01
  0.135424E+00  0.185209E+07  0.184534E+07 -0.248080E+01 -0.248212E+01  0.104035E+06  0.184315E+07  0.185105E+07  0.184315E+07 -0.438800E-01  0.972922E+06  0.972888E+06  0.841334E-01
  0.138176E+00  0.180411E+07  0.179737E+07 -0.232129E+01 -0.232253E+01  0.983934E+05  0.179536E+07  0.180307E+07  0.179536E+07 -0.427424E-01  0.947702E+06  0.947667E+06  0.852785E-01
  0.140927E+00  0.175516E+07  0.174831E+07 -0.217100E+01 -0.217216E+01  0.929821E+05  0.174659E+07  0.175410E+07  0.174659E+07 -0.415813E-01  0.921962E+06  0.921925E+06  0.889613E-01
  0.143679E+00  0.170583E+07  0.169877E+07 -0.202992E+01 -0.203100E+01  0.878180E+05  0.169742E+07  0.170473E+07  0.169742E+07 -0.404107E-01  0.896011E+06  0.895970E+06  0.942186E-01
  0.146431E+00  0.165673E+07  0.164942E+07 -0.189809E+01 -0.189910E+01  0.829183E+05  0.164849E+07  0.165560E+07  0.164849E+07 -0.392458E-01  0.870185E+06  0.870141E+06  0.100118E+00
  0.149182E+00  0.160851E+07  0.160091E+07 -0.177546E+01 -0.177640E+01  0.782977E+05  0.160042E+07  0.160733E+07  0.160042E+07 -0.381013E-01  0.844813E+06  0.844766E+06  0.105820E+00
  0.151934E+00  0.156173E+07  0.155386E+07 -0.166192E+01 -0.166280E+01  0.739662E+05  0.155379E+07  0.156051E+07  0.155379E+07 -0.369911E-01  0.820201E+06  0.820150E+06  0.110619E+00
  0.154686E+00  0.151691E+07  0.150883E+07 -0.155729E+01 -0.155812E+01  0.699297E+05  0.150912E+07  0.151566E+07  0.150912E+07 -0.359278E-01  0.796627E+06  0.796574E+06  0.113980E+00
  0.157437E+00  0.147455E+07  0.146632E+07 -0.146132E+01 -0.146210E+01  0.661910E+05  0.146691E+07  0.147327E+07  0.146691E+07 -0.349229E-01  0.774347E+06  0.774292E+06  0.115548E+00
  0.160189E+00  0.143504E+07  0.142677E+07 -0.137373E+01 -0.137446E+01  0.627495E+05  0.142756E+07  0.143376E+07  0.142756E+07 -0.339861E-01  0.753578E+06  0.753523E+06  0.115152E+00
  0.162941E+00  0.139871E+07  0.139047E+07 -0.129411E+01 -0.129480E+01  0.595985E+05  0.139138E+07  0.139743E+07  0.139138E+07 -0.331247E-01  0.734481E+06  0.734426E+06  0.112794E+00
  0.165692E+00  0.136567E+07  0.135757E+07 -0.122195E+01 -0.122260E+01  0.567249E+05  0.135850E+07  0.136442E+07  0.135850E+07 -0.323420E-01  0.717128E+06  0.717075E+06  0.108625E+00
  0.168444E+00  0.133589E+07  0.132801E+07 -0.115659E+01 -0.115720E+01  0.541090E+05  0.132888E+07  0.133467E+07  0.132888E+07 -0.316367E-01  0.701490E+06  0.701438E+06  0.102922E+00
  0.171195E+00  0.130910E+07  0.130152E+07 -0.109729E+01 -0.109787E+01  0.517237E+05  0.130224E+07  0.130792E+07  0.130224E+07 -0.310026E-01  0.687432E+06  0.687382E+06  0.960472E-01
  0.173947E+00  0.128487E+07  0.127765E+07 -0.104322E+01 -0.104377E+01  0.495380E+05  0.127817E+07  0.128375E+07  0.127817E+07 -0.304296E-01  0.674727E+06  0.674681E+06  0.884177E-01
  0.176699E+00  0.126272E+07  0.125589E+07 -0.993594E+00 -0.994123E+00  0.475209E+05  0.125617E+07  0.126166E+07  0.125617E+07 -0.299058E-01  0.663114E+06  0.663071E+06  0.804648E-01
  0.179450E+00  0.124211E+07  0.123570E+07 -0.947678E+00 -0.948183E+00  0.456427E+05  0.123571E+07  0.124111E+07  0.123571E+07 -0.294186E-01  0.652313E+06  0.652274E+06  0.726023E-01
  0.182202E+00  0.122255E+07  0.121654E+07 -0.904836E+00 -0.905318E+00  0.438772E+05  0.121629E+07  0.122162E+07  0.121629E+07 -0.289563E-01  0.642063E+06  0.642028E+06  0.651990E-01
  0.184954E+00  0.120359E+07  0.119797E+07 -0.864541E+00 -0.865001E+00  0.422025E+05  0.119747E+07  0.120272E+07  0.119747E+07 -0.285084E-01  0.632132E+06  0.632099E+06  0.585573E-01
  0.187705E+00  0.118488E+07  0.117959E+07 -0.826360E+00 -0.826800E+00  0.406009E+05  0.117889E+07  0.118406E+07  0.117889E+07 -0.280659E-01  0.622320E+06  0.622290E+06  0.528997E-01
  0.190457E+00  0.116608E+07  0.116107E+07 -0.789948E+00 -0.790369E+00  0.390582E+05  0.116021E+07  0.116530E+07  0.116021E+07 -0.276212E-01  0.612460E+06  0.612433E+06  0.483623E-01
  0.193209E+00  0.114694E+07  0.114215E+07 -0.755033E+00 -0.755435E+00  0.375628E+05  0.114118E+07  0.114620E+07  0.114118E+07 -0.271683E-01  0.602419E+06  0.602393E+06  0.449951E-01
  0.195960E+00  0.112728E+07  0.112266E+07 -0.721415E+00 -0.721800E+00  0.361071E+05  0.112163E+07  0.112657E+07  0.112163E+07 -0.267029E-01  0.592100E+06  0.592075E+06  0.427678E-01
  0.198712E+00  0.110702E+07  0.110249E+07 -0.688972E+00 -0.689339E+00  0.346868E+05  0.110147E+07  0.110631E+07  0.110147E+07 -0.262228E-01  0.581456E+06  0.581431E+06  0.415805E-01
  0.201463E+00  0.108615E+07  0.108166E+07 -0.657652E+00 -0.658002E+00  0.333007E+05  0.108070E+07  0.108545E+07  0.108070E+07 -0.257283E-01  0.570492E+06  0.570467E+06  0.412777E-01
  0.204215E+00  0.106479E+07  0.106029E+07 -0.627464E+00 -0.627798E+00  0.319509E+05  0.105943E+07  0.106410E+07  0.105943E+07 -0.252220E-01  0.559266E+06  0.559241E+06  0.416653E-01
  0.206967E+00  0.104314E+07  0.103859E+07 -0.598462E+00 -0.598781E+00  0.306417E+05  0.103786E+07  0.104243E+07  0.103786E+07 -0.247084E-01  0.547879E+06  0.547853E+06  0.425275E-01
  0.209718E+00  0.102142E+07  0.101680E+07 -0.570720E+00 -0.571024E+00  0.293784E+05  0.101622E+07  0.102070E+07  0.101622E+07 -0.241933E-01  0.536458E+06  0.536431E+06  0.436448E-01
  0.212470E+00  0.999894E+06  0.995196E+06 -0.544310E+00 -0.544600E+00  0.281663E+05  0.994775E+06  0.999166E+06  0.994775E+06 -0.236827E-01  0.525138E+06  0.525110E+06  0.448088E-01
  0.215222E+00  0.978811E+06  0.974035E+06 -0.519289E+00 -0.519566E+00  0.270097E+05  0.973771E+06  0.978071E+06  0.973771E+06 -0.231827E-01  0.514051E+06  0.514022E+06  0.458355E-01
  0.217973E+00  0.958396E+06  0.953554E+06 -0.495696E+00 -0.495960E+00  0.259123E+05  0.953432E+06  0.957646E+06  0.953432E+06 -0.226985E-01  0.503316E+06  0.503285E+06  0.465749E-01
  0.226691E+00  0.900004E+06  0.895128E+06 -0.430373E+00 -0.430603E+00  0.228424E+05  0.895286E+06  0.899249E+06  0.895286E+06 -0.213142E-01  0.472622E+06  0.472591E+06  0.460366E-01
  0.235758E+00  0.851318E+06  0.846746E+06 -0.376397E+00 -0.376597E+00  0.202755E+05  0.846855E+06  0.850610E+06  0.846855E+06 -0.201612E-01  0.447058E+06  0.447029E+06  0.407973E-01
  0.245187E+00  0.811188E+06  0.807154E+06 -0.331625E+00 -0.331802E+00  0.181227E+05  0.806980E+06  0.810563E+06  0.806980E+06 -0.192118E-01  0.426008E+06  0.425984E+06  0.331055E-01
  0.254993E+00  0.773836E+06  0.770306E+06 -0.292514E+00 -0.292670E+00  0.162104E+05  0.769866E+06  0.773289E+06  0.769866E+06 -0.183283E-01  0.406416E+06  0.406396E+06  0.266732E-01
  0.265191E+00  0.734103E+06  0.730832E+06 -0.256573E+00 -0.256709E+00  0.144126E+05  0.730344E+06  0.733596E+06  0.730344E+06 -0.173874E-01  0.385554E+06  0.385535E+06  0.237561E-01
  0.275797E+00  0.691103E+06  0.687850E+06 -0.223321E+00 -0.223440E+00  0.127108E+05  0.687533E+06  0.690599E+06  0.687533E+06 -0.163682E-01  0.362955E+06  0.362936E+06  0.236196E-01
  0.286828E+00  0.648584E+06  0.645312E+06 -0.193768E+00 -0.193871E+00  0.111702E+05  0.645198E+06  0.648078E+06  0.645198E+06 -0.153603E-01  0.340607E+06  0.340587E+06  0.235999E-01
  0.298299E+00  0.611110E+06  0.607973E+06 -0.168802E+00 -0.168892E+00  0.985200E+04  0.607907E+06  0.610624E+06  0.607907E+06 -0.144725E-01  0.320922E+06  0.320903E+06  0.217486E-01
  0.310230E+00  0.579233E+06  0.576383E+06 -0.147934E+00 -0.148013E+00  0.873817E+04  0.576214E+06  0.578791E+06  0.576214E+06 -0.137180E-01  0.304191E+06  0.304174E+06  0.184901E-01
  0.322637E+00  0.549625E+06  0.547050E+06 -0.129790E+00 -0.129859E+00  0.775588E+04  0.546777E+06  0.549226E+06  0.546777E+06 -0.130172E-01  0.288652E+06  0.288637E+06  0.157005E-01
  0.335541E+00  0.519028E+06  0.516590E+06 -0.113321E+00 -0.113382E+00  0.684815E+04  0.516336E+06  0.518651E+06  0.516336E+06 -0.122925E-01  0.272582E+06  0.272568E+06  0.144201E-01
  0.348961E+00  0.487917E+06  0.485530E+06 -0.984917E-01 -0.985442E-01  0.601688E+04  0.485369E+06  0.487547E+06  0.485369E+06 -0.115552E-01  0.256235E+06  0.256221E+06  0.138811E-01
  0.362918E+00  0.459275E+06  0.456988E+06 -0.857169E-01 -0.857625E-01  0.529167E+04  0.456869E+06  0.458920E+06  0.456869E+06 -0.108767E-01  0.241190E+06  0.241176E+06  0.128423E-01
  0.377433E+00  0.433959E+06  0.431847E+06 -0.748846E-01 -0.749245E-01  0.467005E+04  0.431692E+06  0.433632E+06  0.431692E+06 -0.102773E-01  0.227899E+06  0.227886E+06  0.112338E-01
  0.392528E+00  0.410118E+06  0.408165E+06 -0.654339E-01 -0.654687E-01  0.412079E+04  0.407981E+06  0.409815E+06  0.407981E+06 -0.971283E-02  0.215381E+06  0.215370E+06  0.990090E-02
  0.408227E+00  0.386261E+06  0.384400E+06 -0.569791E-01 -0.570094E-01  0.362237E+04  0.384244E+06  0.385973E+06  0.384244E+06 -0.914774E-02  0.202851E+06  0.202840E+06  0.915485E-02
  0.424554E+00  0.363341E+06  0.361560E+06 -0.495549E-01 -0.495813E-01  0.317919E+04  0.361437E+06  0.363065E+06  0.361437E+06 -0.860478E-02  0.190811E+06  0.190800E+06  0.848056E-02
  0.441534E+00  0.342487E+06  0.340821E+06 -0.431878E-01 -0.432108E-01  0.279513E+04  0.340694E+06  0.342229E+06  0.340694E+06 -0.811093E-02  0.179860E+06  0.179850E+06  0.758343E-02
  0.459193E+00  0.322965E+06  0.321412E+06 -0.376547E-01 -0.376747E-01  0.245772E+04  0.321276E+06  0.322724E+06  0.321276E+06 -0.764866E-02  0.169609E+06  0.169600E+06  0.676639E-02
  0.477558E+00  0.303975E+06  0.302504E+06 -0.327674E-01 -0.327848E-01  0.215620E+04  0.302383E+06  0.303747E+06  0.302383E+06 -0.719887E-02  0.159636E+06  0.159627E+06  0.619002E-02
  0.496658E+00  0.286002E+06  0.284610E+06 -0.285045E-01 -0.285196E-01  0.189042E+04  0.284502E+06  0.285786E+06  0.284502E+06 -0.677318E-02  0.150196E+06  0.150188E+06  0.563971E-02
  0.516522E+00  0.269328E+06  0.268026E+06 -0.248182E-01 -0.248314E-01  0.165839E+04  0.267917E+06  0.269127E+06  0.267917E+06 -0.637833E-02  0.141440E+06  0.141433E+06  0.505887E-02
  0.537180E+00  0.253478E+06  0.252253E+06 -0.215958E-01 -0.216073E-01  0.145355E+04  0.252150E+06  0.253289E+06  0.252150E+06 -0.600296E-02  0.133117E+06  0.133109E+06  0.457544E-02
  0.558664E+00  0.238385E+06  0.237229E+06 -0.187779E-01 -0.187879E-01  0.127270E+04  0.237134E+06  0.238206E+06  0.237134E+06 -0.564548E-02  0.125190E+06  0.125183E+06  0.415917E-02
  0.581008E+00  0.224254E+06  0.223168E+06 -0.163324E-01 -0.163411E-01  0.111435E+04  0.223077E+06  0.224085E+06  0.223077E+06 -0.531082E-02  0.117769E+06  0.117762E+06  0.374985E-02
  0.604245E+00  0.210904E+06  0.209884E+06 -0.142016E-01 -0.142091E-01  0.975188E+03  0.209798E+06  0.210746E+06  0.209798E+06 -0.499467E-02  0.110758E+06  0.110752E+06  0.338823E-02
  0.628412E+00  0.198261E+06  0.197301E+06 -0.123432E-01 -0.123498E-01  0.852795E+03  0.197220E+06  0.198112E+06  0.197220E+06 -0.469525E-02  0.104118E+06  0.104113E+06  0.306845E-02
  0.653545E+00  0.186377E+06  0.185475E+06 -0.107282E-01 -0.107339E-01  0.745578E+03  0.185399E+06  0.186237E+06  0.185399E+06 -0.441380E-02  0.978773E+05  0.978719E+05  0.276935E-02
  0.816179E+00  0.130753E+06  0.130121E+06 -0.482590E-02 -0.482846E-02  0.345184E+03  0.130066E+06  0.130655E+06  0.130066E+06 -0.309650E-02  0.686660E+05  0.686622E+05  0.155571E-02
  0.101928E+01  0.911913E+05  0.907503E+05 -0.215807E-02 -0.215922E-02  0.157804E+03  0.907116E+05  0.911230E+05  0.907116E+05 -0.215958E-02  0.478896E+05  0.478869E+05  0.869008E-03
  0.127293E+01  0.632614E+05  0.629556E+05 -0.959927E-03 -0.960438E-03  0.713628E+02  0.629285E+05  0.632141E+05  0.629285E+05 -0.149815E-02  0.332220E+05  0.332202E+05  0.483213E-03
  0.158970E+01  0.436757E+05  0.434645E+05 -0.424935E-03 -0.425161E-03  0.319757E+02  0.434458E+05  0.436430E+05  0.434458E+05 -0.103432E-02  0.229365E+05  0.229352E+05  0.267687E-03
  0.198529E+01  0.300233E+05  0.298782E+05 -0.187294E-03 -0.187394E-03  0.142167E+02  0.298652E+05  0.300008E+05  0.298652E+05 -0.711005E-03  0.157669E+05  0.157660E+05  0.147879E-03
  0.247933E+01  0.205576E+05  0.204582E+05 -0.822279E-04 -0.822716E-04  0.627974E+01  0.204493E+05  0.205422E+05  0.204493E+05 -0.486839E-03  0.107959E+05  0.107953E+05  0.815617E-04
  0.309631E+01  0.140260E+05  0.139582E+05 -0.359719E-04 -0.359910E-04  0.275874E+01  0.139521E+05  0.140155E+05  0.139521E+05 -0.332160E-03  0.736582E+04  0.736540E+04  0.449828E-04
  0.386683E+01  0.953867E+04  0.949252E+04 -0.156855E-04 -0.156938E-04  0.120636E+01  0.948842E+04  0.953152E+04  0.948842E+04 -0.225892E-03  0.500926E+04  0.500898E+04  0.248608E-04
  0.482908E+01  0.646773E+04  0.643642E+04 -0.681935E-05 -0.682298E-05  0.525464E+00  0.643366E+04  0.646288E+04  0.643366E+04 -0.153167E-03  0.339655E+04  0.339635E+04  0.138098E-04
  0.603079E+01  0.437358E+04  0.435238E+04 -0.295671E-05 -0.295828E-05  0.228114E+00  0.435053E+04  0.437029E+04  0.435053E+04 -0.103574E-03  0.229680E+04  0.229666E+04  0.774219E-05
  0.753155E+01  0.295012E+04  0.293579E+04 -0.127877E-05 -0.127945E-05  0.987391E-01  0.293457E+04  0.294790E+04  0.293457E+04 -0.698637E-04  0.154926E+04  0.154916E+04  0.440519E-05
  0.940577E+01  0.198540E+04  0.197572E+04 -0.551800E-06 -0.552093E-06  0.426289E-01  0.197493E+04  0.198390E+04  0.197493E+04 -0.470173E-04  0.104263E+04  0.104256E+04  0.256197E-05
  0.117464E+02  0.133332E+04  0.132679E+04 -0.237602E-06 -0.237728E-06  0.183621E-01  0.132628E+04  0.133231E+04  0.132628E+04 -0.315749E-04  0.700192E+03  0.700138E+03  0.153554E-05
  0.146695E+02  0.893652E+03  0.889239E+03 -0.102110E-06 -0.102164E-06  0.789277E-02  0.888931E+03  0.892969E+03  0.888931E+03 -0.211629E-04  0.469299E+03  0.469257E+03  0.956290E-06
  0.183199E+02  0.597872E+03  0.594883E+03 -0.438017E-07 -0.438250E-07  0.338613E-02  0.594708E+03  0.597409E+03  0.594708E+03 -0.141583E-04  0.313968E+03  0.313934E+03  0.622739E-06
  0.228788E+02  0.399304E+03  0.397270E+03 -0.187574E-07 -0.187674E-07  0.145017E-02  0.397185E+03  0.398989E+03  0.397185E+03 -0.945582E-05  0.209689E+03  0.209660E+03  0.425143E-06
  0.285722E+02  0.266254E+03  0.264858E+03 -0.801962E-08 -0.802388E-08  0.620007E-03  0.264835E+03  0.266038E+03  0.264835E+03 -0.630495E-05  0.139817E+03  0.139791E+03  0.303664E-06
  0.356824E+02  0.177262E+03  0.176291E+03 -0.342347E-08 -0.342529E-08  0.264661E-03  0.176311E+03  0.177112E+03  0.176311E+03 -0.419745E-05  0.930825E+02  0.930584E+02  0.225583E-06
  0.445619E+02  0.117837E+03  0.117148E+03 -0.145926E-08 -0.146003E-08  0.112807E-03  0.117198E+03  0.117730E+03  0.117198E+03 -0.279013E-05  0.618746E+02  0.618515E+02  0.172898E-06
  0.556510E+02  0.782146E+02  0.777134E+02 -0.621086E-09 -0.621416E-09  0.480036E-04  0.777836E+02  0.781369E+02  0.777836E+02 -0.185180E-05  0.410666E+02  0.410440E+02  0.135597E-06
  0.694997E+02  0.518339E+02  0.514562E+02 -0.263942E-09 -0.264082E-09  0.203963E-04  0.515413E+02  0.517754E+02  0.515413E+02 -0.122705E-05  0.272124E+02  0.271899E+02  0.108021E-06
  0.867947E+02  0.342925E+02  0.339958E+02 -0.111983E-09 -0.112042E-09  0.864994E-05  0.340917E+02  0.342465E+02  0.340917E+02 -0.811624E-06  0.180002E+02  0.179776E+02  0.868877E-07
  0.108393E+03  0.226429E+02  0.223993E+02 -0.474227E-10 -0.474478E-10  0.366080E-05  0.225029E+02  0.226052E+02  0.225029E+02 -0.535730E-06  0.118822E+02  0.118594E+02  0.702272E-07
  0.135367E+03  0.149152E+02  0.147064E+02 -0.200378E-10 -0.200484E-10  0.154550E-05  0.148156E+02  0.148829E+02  0.148156E+02 -0.352716E-06  0.782382E+01  0.780077E+01  0.568055E-07
  0.169053E+03  0.979511E+01  0.960953E+01 -0.844299E-11 -0.844745E-11  0.650222E-06  0.972219E+01  0.976636E+01  0.972219E+01 -0.231457E-06  0.513488E+01  0.511166E+01  0.458105E-07
  0.211122E+03  0.640706E+01  0.623793E+01 -0.354454E-11 -0.354641E-11  0.272401E-06  0.635201E+01  0.638086E+01  0.635201E+01 -0.151223E-06  0.335564E+01  0.333243E+01  0.366839E-07
  0.263659E+03  0.416895E+01  0.401298E+01 -0.148102E-11 -0.148179E-11  0.113479E-06  0.412604E+01  0.414479E+01  0.412604E+01 -0.982292E-07  0.218045E+01  0.215751E+01  0.290326E-07
  0.329270E+03  0.269443E+01  0.255098E+01 -0.615094E-12 -0.615412E-12  0.469006E-07  0.266012E+01  0.267221E+01  0.266012E+01 -0.633298E-07  0.140647E+01  0.138418E+01  0.225862E-07
  0.411209E+03  0.172752E+01  0.159787E+01 -0.253669E-12 -0.253798E-12  0.192134E-07  0.169971E+01  0.170743E+01  0.169971E+01 -0.404651E-07  0.899311E+00  0.878135E+00  0.171783E-07
  0.513537E+03  0.109855E+01  0.984890E+00 -0.103902E-12 -0.103954E-12  0.779966E-08  0.107605E+01  0.108094E+01  0.107605E+01 -0.256177E-07  0.569889E+00  0.550289E+00  0.127319E-07
  0.641331E+03  0.694376E+00  0.598287E+00 -0.423826E-13 -0.424033E-13  0.314452E-08  0.676416E+00  0.679489E+00  0.676416E+00 -0.161035E-07  0.358703E+00  0.340980E+00  0.921840E-08
  0.800925E+03  0.438207E+00  0.359294E+00 -0.173076E-13 -0.173157E-13  0.126482E-08  0.424055E+00  0.425981E+00  0.424055E+00 -0.100955E-07  0.225267E+00  0.209482E+00  0.657443E-08
  0.100023E+04  0.277132E+00  0.213246E+00 -0.710678E-14 -0.710996E-14  0.507862E-09  0.266026E+00  0.267235E+00  0.266026E+00 -0.633331E-08  0.141644E+00  0.127749E+00  0.463417E-08
  0.124914E+04  0.175732E+00  0.124748E+00 -0.293580E-14 -0.293703E-14  0.204963E-09  0.167074E+00  0.167833E+00  0.167074E+00 -0.397754E-08  0.892170E-01  0.772093E-01  0.320659E-08
  0.155999E+04  0.111806E+00  0.718854E-01 -0.122136E-14 -0.122183E-14  0.825806E-10  0.105144E+00  0.105621E+00  0.105144E+00 -0.250317E-08  0.563473E-01  0.461550E-01  0.217944E-08
  0.194819E+04  0.714078E-01  0.406686E-01 -0.511778E-15 -0.511957E-15  0.334024E-10  0.663440E-01  0.666454E-01  0.663440E-01 -0.157946E-08  0.357046E-01  0.272264E-01  0.145166E-08
  0.243300E+04  0.457786E-01  0.225422E-01 -0.215851E-15 -0.215918E-15  0.135150E-10  0.419879E-01  0.421786E-01  0.419879E-01 -0.999609E-09  0.227054E-01  0.158017E-01  0.946538E-09
  0.303844E+04  0.294524E-01  0.122135E-01 -0.915080E-16 -0.915323E-16  0.548922E-11  0.266605E-01  0.267816E-01  0.266605E-01 -0.634709E-09  0.144922E-01  0.899866E-02  0.603111E-09
  0.379456E+04  0.190099E-01  0.645625E-02 -0.389297E-16 -0.389384E-16  0.231207E-11  0.169878E-01  0.170650E-01  0.169878E-01 -0.404431E-09  0.928420E-02  0.501566E-02  0.375245E-09
  0.473883E+04  0.123044E-01  0.332559E-02 -0.165900E-16 -0.165931E-16  0.894146E-12  0.108640E-01  0.109133E-01  0.108640E-01 -0.258640E-09  0.596900E-02  0.273105E-02  0.227927E-09
  0.591808E+04  0.798282E-02  0.166882E-02 -0.707020E-17 -0.707123E-17  0.390210E-12  0.697292E-02  0.700460E-02  0.697292E-02 -0.166005E-09  0.385023E-02  0.145107E-02  0.135231E-09
  0.739079E+04  0.518867E-02  0.816243E-03 -0.300933E-17 -0.300967E-17  0.165145E-12  0.449085E-02  0.451125E-02  0.449085E-02 -0.106914E-09  0.249071E-02  0.752072E-03  0.784719E-10
  0.922998E+04  0.337721E-02  0.389657E-03 -0.127817E-17 -0.127828E-17  0.572940E-13  0.290117E-02  0.291435E-02  0.290117E-02 -0.690685E-10  0.161510E-02  0.380411E-03  0.446223E-10
  0.115268E+05  0.220031E-02  0.181915E-03 -0.541516E-18 -0.541551E-18  0.280265E-13  0.187907E-02  0.188760E-02  0.187907E-02 -0.447351E-10  0.104928E-02  0.187981E-03  0.249252E-10
  0.143953E+05  0.143444E-02  0.832535E-04 -0.228832E-18 -0.228842E-18  0.740542E-14  0.121956E-02  0.122510E-02  0.121956E-02 -0.290343E-10  0.682629E-03  0.908709E-04  0.137126E-10
  0.179775E+05  0.935488E-03  0.374427E-04 -0.964692E-19 -0.964725E-19  0.300733E-14  0.792753E-03  0.796354E-03  0.792753E-03 -0.188731E-10  0.444524E-03  0.430323E-04  0.744977E-11
