    0.10000E-03    0.30289E-03
    0.10202E-03    0.30879E-03
    0.10408E-03    0.31481E-03
    0.10618E-03    0.32094E-03
    0.10833E-03    0.32720E-03
    0.11052E-03    0.33357E-03
    0.11275E-03    0.34007E-03
    0.11503E-03    0.34670E-03
    0.11735E-03    0.35346E-03
    0.11972E-03    0.36035E-03
    0.12214E-03    0.36737E-03
    0.12461E-03    0.37453E-03
    0.12712E-03    0.38182E-03
    0.12969E-03    0.38927E-03
    0.13231E-03    0.39685E-03
    0.13499E-03    0.40458E-03
    0.13771E-03    0.41247E-03
    0.14049E-03    0.42051E-03
    0.14333E-03    0.42870E-03
    0.14623E-03    0.43705E-03
    0.14918E-03    0.44557E-03
    0.15220E-03    0.45425E-03
    0.15527E-03    0.46311E-03
    0.15841E-03    0.47213E-03
    0.16161E-03    0.48133E-03
    0.16487E-03    0.49071E-03
    0.16820E-03    0.50027E-03
    0.17160E-03    0.51002E-03
    0.17507E-03    0.51996E-03
    0.17860E-03    0.53009E-03
    0.18221E-03    0.54042E-03
    0.18589E-03    0.55095E-03
    0.18965E-03    0.56169E-03
    0.19348E-03    0.57263E-03
    0.19739E-03    0.58379E-03
    0.20138E-03    0.59516E-03
    0.20544E-03    0.60676E-03
    0.20959E-03    0.61858E-03
    0.21383E-03    0.63064E-03
    0.21815E-03    0.64293E-03
    0.22255E-03    0.65545E-03
    0.22705E-03    0.66823E-03
    0.23164E-03    0.68125E-03
    0.23632E-03    0.69452E-03
    0.24109E-03    0.70805E-03
    0.24596E-03    0.72185E-03
    0.25093E-03    0.73592E-03
    0.25600E-03    0.75025E-03
    0.26117E-03    0.76487E-03
    0.26645E-03    0.77978E-03
    0.27183E-03    0.79497E-03
    0.27732E-03    0.81046E-03
    0.28292E-03    0.82625E-03
    0.28864E-03    0.84235E-03
    0.29447E-03    0.85876E-03
    0.30042E-03    0.87549E-03
    0.30649E-03    0.89255E-03
    0.31268E-03    0.90994E-03
    0.31899E-03    0.92767E-03
    0.32544E-03    0.94574E-03
    0.33201E-03    0.96417E-03
    0.33872E-03    0.98295E-03
    0.34556E-03    0.10021E-02
    0.35254E-03    0.10216E-02
    0.35966E-03    0.10415E-02
    0.36693E-03    0.10618E-02
    0.37434E-03    0.10825E-02
    0.38190E-03    0.11036E-02
    0.38962E-03    0.11251E-02
    0.39749E-03    0.11470E-02
    0.40552E-03    0.11694E-02
    0.41371E-03    0.11921E-02
    0.42207E-03    0.12154E-02
    0.43060E-03    0.12390E-02
    0.43929E-03    0.12632E-02
    0.44817E-03    0.12878E-02
    0.45722E-03    0.13129E-02
    0.46646E-03    0.13384E-02
    0.47588E-03    0.13645E-02
    0.48550E-03    0.13911E-02
    0.49530E-03    0.14182E-02
    0.50531E-03    0.14458E-02
    0.51552E-03    0.14740E-02
    0.52593E-03    0.15027E-02
    0.53656E-03    0.15319E-02
    0.54739E-03    0.15618E-02
    0.55845E-03    0.15922E-02
    0.56973E-03    0.16232E-02
    0.58124E-03    0.16548E-02
    0.59299E-03    0.16870E-02
    0.60496E-03    0.17199E-02
    0.61719E-03    0.17534E-02
    0.62965E-03    0.17875E-02
    0.64237E-03    0.18223E-02
    0.65535E-03    0.18578E-02
    0.66859E-03    0.18940E-02
    0.68210E-03    0.19308E-02
    0.69588E-03    0.19684E-02
    0.70993E-03    0.20067E-02
    0.72427E-03    0.20458E-02
    0.73891E-03    0.20856E-02
    0.75383E-03    0.21262E-02
    0.76906E-03    0.21676E-02
    0.78460E-03    0.22098E-02
    0.80045E-03    0.22528E-02
    0.81662E-03    0.22967E-02
    0.83311E-03    0.23413E-02
    0.84994E-03    0.23869E-02
    0.86711E-03    0.24333E-02
    0.88463E-03    0.24807E-02
    0.90250E-03    0.25290E-02
    0.92073E-03    0.25781E-02
    0.93933E-03    0.26283E-02
    0.95831E-03    0.26794E-02
    0.97767E-03    0.27315E-02
    0.99742E-03    0.27847E-02
    0.10176E-02    0.28388E-02
    0.10381E-02    0.28940E-02
    0.10591E-02    0.29503E-02
    0.10805E-02    0.30076E-02
    0.11023E-02    0.30661E-02
    0.11246E-02    0.31257E-02
    0.11473E-02    0.31864E-02
    0.11705E-02    0.32483E-02
    0.11941E-02    0.33115E-02
    0.12182E-02    0.33758E-02
    0.12429E-02    0.34414E-02
    0.12680E-02    0.35082E-02
    0.12936E-02    0.35763E-02
    0.13197E-02    0.36458E-02
    0.13464E-02    0.37166E-02
    0.13736E-02    0.37887E-02
    0.14013E-02    0.38622E-02
    0.14296E-02    0.39372E-02
    0.14585E-02    0.40136E-02
    0.14880E-02    0.40914E-02
    0.15180E-02    0.41708E-02
    0.15487E-02    0.42517E-02
    0.15800E-02    0.43341E-02
    0.16119E-02    0.44181E-02
    0.16445E-02    0.45037E-02
    0.16777E-02    0.45910E-02
    0.17116E-02    0.46799E-02
    0.17462E-02    0.47705E-02
    0.17814E-02    0.48629E-02
    0.18174E-02    0.49570E-02
    0.18541E-02    0.50529E-02
    0.18916E-02    0.51507E-02
    0.19298E-02    0.52503E-02
    0.19688E-02    0.53518E-02
    0.20086E-02    0.54552E-02
    0.20491E-02    0.55606E-02
    0.20905E-02    0.56680E-02
    0.21328E-02    0.57774E-02
    0.21758E-02    0.58889E-02
    0.22198E-02    0.60025E-02
    0.22646E-02    0.61182E-02
    0.23104E-02    0.62362E-02
    0.23571E-02    0.63563E-02
    0.24047E-02    0.64787E-02
    0.24533E-02    0.66034E-02
    0.25028E-02    0.67304E-02
    0.25534E-02    0.68598E-02
    0.26050E-02    0.69916E-02
    0.26576E-02    0.71259E-02
    0.27113E-02    0.72626E-02
    0.27660E-02    0.74019E-02
    0.28219E-02    0.75438E-02
    0.28789E-02    0.76883E-02
    0.29371E-02    0.78355E-02
    0.29964E-02    0.79854E-02
    0.30569E-02    0.81380E-02
    0.31187E-02    0.82935E-02
    0.31817E-02    0.84517E-02
    0.32460E-02    0.86129E-02
    0.33115E-02    0.87769E-02
    0.33784E-02    0.89440E-02
    0.34467E-02    0.91140E-02
    0.35163E-02    0.92871E-02
    0.35874E-02    0.94633E-02
    0.36598E-02    0.96427E-02
    0.37338E-02    0.98252E-02
    0.38092E-02    0.10011E-01
    0.38861E-02    0.10200E-01
    0.39646E-02    0.10392E-01
    0.40447E-02    0.10588E-01
    0.41264E-02    0.10787E-01
    0.42098E-02    0.10990E-01
    0.42948E-02    0.11196E-01
    0.43816E-02    0.11406E-01
    0.44701E-02    0.11619E-01
    0.45604E-02    0.11836E-01
    0.46525E-02    0.12056E-01
    0.47465E-02    0.12280E-01
    0.48424E-02    0.12508E-01
    0.49402E-02    0.12740E-01
    0.50400E-02    0.12975E-01
    0.51419E-02    0.13214E-01
    0.52457E-02    0.13457E-01
    0.53517E-02    0.13704E-01
    0.54598E-02    0.13955E-01
    0.55701E-02    0.14210E-01
    0.56826E-02    0.14469E-01
    0.57974E-02    0.14731E-01
    0.59145E-02    0.14998E-01
    0.60340E-02    0.15269E-01
    0.61559E-02    0.15543E-01
    0.62803E-02    0.15822E-01
    0.64072E-02    0.16105E-01
    0.65366E-02    0.16392E-01
    0.66686E-02    0.16682E-01
    0.68033E-02    0.16977E-01
    0.69408E-02    0.17276E-01
    0.70810E-02    0.17578E-01
    0.72240E-02    0.17885E-01
    0.73700E-02    0.18195E-01
    0.75189E-02    0.18510E-01
    0.76708E-02    0.18828E-01
    0.78257E-02    0.19149E-01
    0.79838E-02    0.19475E-01
    0.81451E-02    0.19804E-01
    0.83096E-02    0.20137E-01
    0.84775E-02    0.20473E-01
    0.86488E-02    0.20812E-01
    0.88235E-02    0.21155E-01
    0.90017E-02    0.21501E-01
    0.91836E-02    0.21850E-01
    0.93691E-02    0.22202E-01
    0.95583E-02    0.22556E-01
    0.97514E-02    0.22913E-01
    0.99484E-02    0.23273E-01
    0.10149E-01    0.23634E-01
    0.10354E-01    0.23998E-01
    0.10564E-01    0.24363E-01
    0.10777E-01    0.24730E-01
    0.10995E-01    0.25098E-01
    0.11217E-01    0.25468E-01
    0.11443E-01    0.25838E-01
    0.11675E-01    0.26208E-01
    0.11910E-01    0.26579E-01
    0.12151E-01    0.26950E-01
    0.12397E-01    0.27320E-01
    0.12647E-01    0.27689E-01
    0.12902E-01    0.28057E-01
    0.13163E-01    0.28423E-01
    0.13429E-01    0.28788E-01
    0.13700E-01    0.29150E-01
    0.13977E-01    0.29508E-01
    0.14259E-01    0.29864E-01
    0.14547E-01    0.30215E-01
    0.14841E-01    0.30562E-01
    0.15141E-01    0.30905E-01
    0.15447E-01    0.31241E-01
    0.15759E-01    0.31572E-01
    0.16077E-01    0.31896E-01
    0.16402E-01    0.32213E-01
    0.16734E-01    0.32522E-01
    0.17072E-01    0.32823E-01
    0.17416E-01    0.33114E-01
    0.17768E-01    0.33396E-01
    0.18127E-01    0.33668E-01
    0.18493E-01    0.33929E-01
    0.18867E-01    0.34178E-01
    0.19248E-01    0.34415E-01
    0.19637E-01    0.34639E-01
    0.20034E-01    0.34849E-01
    0.20438E-01    0.35045E-01
    0.20851E-01    0.35227E-01
    0.21272E-01    0.35393E-01
    0.21702E-01    0.35543E-01
    0.22141E-01    0.35676E-01
    0.22588E-01    0.35793E-01
    0.23044E-01    0.35892E-01
    0.23510E-01    0.35972E-01
    0.23985E-01    0.36034E-01
    0.24469E-01    0.36077E-01
    0.24964E-01    0.36101E-01
    0.25468E-01    0.36105E-01
    0.25982E-01    0.36089E-01
    0.26507E-01    0.36052E-01
    0.27043E-01    0.35995E-01
    0.27589E-01    0.35918E-01
    0.28146E-01    0.35820E-01
    0.28715E-01    0.35702E-01
    0.29295E-01    0.35563E-01
    0.29887E-01    0.35404E-01
    0.30490E-01    0.35225E-01
    0.31106E-01    0.35026E-01
    0.31735E-01    0.34808E-01
    0.32376E-01    0.34570E-01
    0.33030E-01    0.34314E-01
    0.33697E-01    0.34040E-01
    0.34378E-01    0.33749E-01
    0.35072E-01    0.33441E-01
    0.35781E-01    0.33117E-01
    0.36504E-01    0.32778E-01
    0.37241E-01    0.32425E-01
    0.37993E-01    0.32059E-01
    0.38761E-01    0.31680E-01
    0.39544E-01    0.31290E-01
    0.40343E-01    0.30890E-01
    0.41158E-01    0.30480E-01
    0.41989E-01    0.30063E-01
    0.42838E-01    0.29638E-01
    0.43703E-01    0.29208E-01
    0.44586E-01    0.28773E-01
    0.45486E-01    0.28335E-01
    0.46405E-01    0.27894E-01
    0.47343E-01    0.27453E-01
    0.48299E-01    0.27011E-01
    0.49275E-01    0.26571E-01
    0.50270E-01    0.26133E-01
    0.51286E-01    0.25698E-01
    0.52322E-01    0.25268E-01
    0.53379E-01    0.24843E-01
    0.54457E-01    0.24424E-01
    0.55557E-01    0.24013E-01
    0.56680E-01    0.23609E-01
    0.57825E-01    0.23214E-01
    0.58993E-01    0.22828E-01
    0.60184E-01    0.22450E-01
    0.61400E-01    0.22082E-01
    0.62641E-01    0.21723E-01
    0.63906E-01    0.21372E-01
    0.65197E-01    0.21029E-01
    0.66514E-01    0.20694E-01
    0.67858E-01    0.20364E-01
    0.69229E-01    0.20039E-01
    0.70627E-01    0.19718E-01
    0.72054E-01    0.19398E-01
    0.73510E-01    0.19078E-01
    0.74994E-01    0.18755E-01
    0.76509E-01    0.18428E-01
    0.78055E-01    0.18095E-01
    0.79632E-01    0.17754E-01
    0.81241E-01    0.17404E-01
    0.82882E-01    0.17043E-01
    0.84556E-01    0.16670E-01
    0.86264E-01    0.16286E-01
    0.88007E-01    0.15891E-01
    0.89785E-01    0.15485E-01
    0.91598E-01    0.15069E-01
    0.93449E-01    0.14646E-01
    0.95337E-01    0.14218E-01
    0.97263E-01    0.13787E-01
    0.99227E-01    0.13357E-01
    0.10123E+00    0.12930E-01
    0.10328E+00    0.12510E-01
    0.10536E+00    0.12100E-01
    0.10749E+00    0.11702E-01
    0.10966E+00    0.11319E-01
    0.11188E+00    0.10953E-01
    0.11414E+00    0.10606E-01
    0.11644E+00    0.10278E-01
    0.11880E+00    0.99704E-02
    0.12120E+00    0.96827E-02
    0.12365E+00    0.94143E-02
    0.12614E+00    0.91636E-02
    0.12869E+00    0.89284E-02
    0.13129E+00    0.87060E-02
    0.13394E+00    0.84931E-02
    0.13665E+00    0.82858E-02
    0.13941E+00    0.80806E-02
    0.14223E+00    0.78737E-02
    0.14510E+00    0.76622E-02
    0.14803E+00    0.74440E-02
    0.15102E+00    0.72183E-02
    0.15407E+00    0.69852E-02
    0.15718E+00    0.67465E-02
    0.16036E+00    0.65047E-02
    0.16360E+00    0.62631E-02
    0.16690E+00    0.60256E-02
    0.17028E+00    0.57956E-02
    0.17371E+00    0.55764E-02
    0.17722E+00    0.53702E-02
    0.18080E+00    0.51788E-02
    0.18446E+00    0.50024E-02
    0.18818E+00    0.48404E-02
    0.19198E+00    0.46910E-02
    0.19586E+00    0.45514E-02
    0.19982E+00    0.44179E-02
    0.20386E+00    0.42870E-02
    0.20797E+00    0.41552E-02
    0.21218E+00    0.40201E-02
    0.21646E+00    0.38808E-02
    0.22083E+00    0.37380E-02
    0.22530E+00    0.35940E-02
    0.22985E+00    0.34515E-02
    0.23449E+00    0.33135E-02
    0.23923E+00    0.31826E-02
    0.24406E+00    0.30605E-02
    0.24899E+00    0.29479E-02
    0.25402E+00    0.28442E-02
    0.25915E+00    0.27479E-02
    0.26439E+00    0.26564E-02
    0.26973E+00    0.25669E-02
    0.27518E+00    0.24772E-02
    0.28074E+00    0.23859E-02
    0.28641E+00    0.22939E-02
    0.29219E+00    0.22024E-02
    0.29810E+00    0.21133E-02
    0.30412E+00    0.20283E-02
    0.31026E+00    0.19484E-02
    0.31653E+00    0.18742E-02
    0.32292E+00    0.18048E-02
    0.32945E+00    0.17390E-02
    0.33610E+00    0.16750E-02
    0.34289E+00    0.16114E-02
    0.34982E+00    0.15482E-02
    0.35689E+00    0.14859E-02
    0.36409E+00    0.14254E-02
    0.37145E+00    0.13675E-02
    0.37895E+00    0.13128E-02
    0.38661E+00    0.12614E-02
    0.39442E+00    0.12125E-02
    0.40239E+00    0.11651E-02
    0.41052E+00    0.11189E-02
    0.41881E+00    0.10736E-02
    0.42727E+00    0.10295E-02
    0.43590E+00    0.98710E-03
    0.44471E+00    0.94675E-03
    0.45369E+00    0.90845E-03
    0.46286E+00    0.87176E-03
    0.47221E+00    0.83634E-03
    0.48174E+00    0.80200E-03
    0.49148E+00    0.76875E-03
    0.50141E+00    0.73673E-03
    0.51153E+00    0.70604E-03
    0.52187E+00    0.67673E-03
    0.53241E+00    0.64867E-03
    0.54317E+00    0.62164E-03
    0.55414E+00    0.59556E-03
    0.56533E+00    0.57044E-03
    0.57675E+00    0.54633E-03
    0.58840E+00    0.52324E-03
    0.60029E+00    0.50111E-03
    0.61242E+00    0.47984E-03
    0.62479E+00    0.45939E-03
    0.63741E+00    0.43976E-03
    0.65029E+00    0.42093E-03
    0.66342E+00    0.40286E-03
    0.67683E+00    0.38553E-03
    0.69050E+00    0.36891E-03
    0.70445E+00    0.35296E-03
    0.71868E+00    0.33768E-03
    0.73320E+00    0.32302E-03
    0.74801E+00    0.30897E-03
    0.76312E+00    0.29550E-03
    0.77854E+00    0.28258E-03
    0.79426E+00    0.27021E-03
    0.81031E+00    0.25835E-03
    0.82668E+00    0.24699E-03
    0.84338E+00    0.23610E-03
    0.86041E+00    0.22567E-03
    0.87780E+00    0.21569E-03
    0.89553E+00    0.20612E-03
    0.91362E+00    0.19696E-03
    0.93208E+00    0.18819E-03
    0.95091E+00    0.17979E-03
    0.97011E+00    0.17176E-03
    0.98971E+00    0.16406E-03
    0.10097E+01    0.15670E-03
    0.10301E+01    0.14966E-03
    0.10509E+01    0.14292E-03
    0.10721E+01    0.13647E-03
    0.10938E+01    0.13030E-03
    0.11159E+01    0.12440E-03
    0.11384E+01    0.11876E-03
    0.11614E+01    0.11336E-03
    0.11849E+01    0.10820E-03
    0.12088E+01    0.10327E-03
    0.12333E+01    0.98551E-04
    0.12582E+01    0.94043E-04
    0.12836E+01    0.89734E-04
    0.13095E+01    0.85615E-04
    0.13360E+01    0.81679E-04
    0.13630E+01    0.77918E-04
    0.13905E+01    0.74325E-04
    0.14186E+01    0.70891E-04
    0.14472E+01    0.67612E-04
    0.14765E+01    0.64479E-04
    0.15063E+01    0.61487E-04
    0.15367E+01    0.58630E-04
    0.15678E+01    0.55901E-04
    0.15994E+01    0.53296E-04
    0.16318E+01    0.50808E-04
    0.16647E+01    0.48434E-04
    0.16984E+01    0.46167E-04
    0.17327E+01    0.44003E-04
    0.17677E+01    0.41937E-04
    0.18034E+01    0.39966E-04
    0.18398E+01    0.38085E-04
    0.18770E+01    0.36290E-04
    0.19149E+01    0.34578E-04
    0.19536E+01    0.32944E-04
    0.19930E+01    0.31385E-04
    0.20333E+01    0.29898E-04
    0.20744E+01    0.28480E-04
    0.21163E+01    0.27127E-04
    0.21590E+01    0.25837E-04
    0.22026E+01    0.24607E-04
    0.22471E+01    0.23434E-04
    0.22925E+01    0.22315E-04
    0.23388E+01    0.21249E-04
    0.23861E+01    0.20232E-04
    0.24343E+01    0.19263E-04
    0.24835E+01    0.18339E-04
    0.25336E+01    0.17459E-04
    0.25848E+01    0.16620E-04
    0.26370E+01    0.15820E-04
    0.26903E+01    0.15058E-04
    0.27447E+01    0.14331E-04
    0.28001E+01    0.13640E-04
    0.28567E+01    0.12980E-04
    0.29144E+01    0.12352E-04
    0.29733E+01    0.11754E-04
    0.30333E+01    0.11184E-04
    0.30946E+01    0.10641E-04
    0.31571E+01    0.10124E-04
    0.32209E+01    0.96316E-05
    0.32860E+01    0.91627E-05
    0.33523E+01    0.87161E-05
    0.34201E+01    0.82908E-05
    0.34892E+01    0.78859E-05
    0.35596E+01    0.75004E-05
    0.36316E+01    0.71334E-05
    0.37049E+01    0.67841E-05
    0.37798E+01    0.64515E-05
    0.38561E+01    0.61349E-05
    0.39340E+01    0.58336E-05
    0.40135E+01    0.55468E-05
    0.40946E+01    0.52738E-05
    0.41773E+01    0.50141E-05
    0.42617E+01    0.47669E-05
    0.43478E+01    0.45317E-05
    0.44356E+01    0.43079E-05
    0.45252E+01    0.40949E-05
    0.46166E+01    0.38924E-05
    0.47099E+01    0.36996E-05
    0.48050E+01    0.35163E-05
    0.49021E+01    0.33419E-05
    0.50011E+01    0.31760E-05
    0.51021E+01    0.30182E-05
    0.52052E+01    0.28681E-05
    0.53104E+01    0.27254E-05
    0.54176E+01    0.25896E-05
    0.55271E+01    0.24606E-05
    0.56387E+01    0.23378E-05
    0.57526E+01    0.22211E-05
    0.58689E+01    0.21101E-05
    0.59874E+01    0.20046E-05
    0.61084E+01    0.19043E-05
    0.62318E+01    0.18089E-05
    0.63577E+01    0.17183E-05
    0.64861E+01    0.16321E-05
    0.66171E+01    0.15502E-05
    0.67508E+01    0.14723E-05
    0.68872E+01    0.13983E-05
    0.70263E+01    0.13280E-05
    0.71682E+01    0.12611E-05
    0.73130E+01    0.11976E-05
    0.74608E+01    0.11372E-05
    0.76115E+01    0.10799E-05
    0.77653E+01    0.10253E-05
    0.79221E+01    0.97355E-06
    0.80822E+01    0.92434E-06
    0.82454E+01    0.87758E-06
    0.84120E+01    0.83316E-06
    0.85819E+01    0.79096E-06
    0.87553E+01    0.75087E-06
    0.89322E+01    0.71278E-06
    0.91126E+01    0.67661E-06
    0.92967E+01    0.64224E-06
    0.94845E+01    0.60961E-06
    0.96761E+01    0.57861E-06
    0.98716E+01    0.54917E-06
    0.10071E+02    0.52121E-06
    0.10274E+02    0.49465E-06
    0.10482E+02    0.46943E-06
    0.10694E+02    0.44549E-06
    0.10910E+02    0.42275E-06
    0.11130E+02    0.40116E-06
    0.11355E+02    0.38066E-06
    0.11584E+02    0.36120E-06
    0.11818E+02    0.34272E-06
    0.12057E+02    0.32517E-06
    0.12301E+02    0.30852E-06
    0.12549E+02    0.29270E-06
    0.12803E+02    0.27769E-06
    0.13061E+02    0.26345E-06
    0.13325E+02    0.24992E-06
    0.13594E+02    0.23708E-06
    0.13869E+02    0.22490E-06
    0.14149E+02    0.21333E-06
    0.14435E+02    0.20236E-06
    0.14727E+02    0.19194E-06
    0.15024E+02    0.18205E-06
    0.15328E+02    0.17267E-06
    0.15637E+02    0.16377E-06
    0.15953E+02    0.15532E-06
    0.16275E+02    0.14730E-06
    0.16604E+02    0.13969E-06
    0.16940E+02    0.13247E-06
    0.17282E+02    0.12563E-06
    0.17631E+02    0.11913E-06
    0.17987E+02    0.11296E-06
    0.18351E+02    0.10711E-06
    0.18721E+02    0.10157E-06
    0.19099E+02    0.96302E-07
    0.19485E+02    0.91308E-07
    0.19879E+02    0.86571E-07
    0.20280E+02    0.82078E-07
    0.20690E+02    0.77816E-07
    0.21108E+02    0.73773E-07
    0.21535E+02    0.69939E-07
    0.21970E+02    0.66302E-07
    0.22413E+02    0.62852E-07
    0.22866E+02    0.59581E-07
    0.23328E+02    0.56478E-07
    0.23799E+02    0.53536E-07
    0.24280E+02    0.50746E-07
    0.24771E+02    0.48100E-07
    0.25271E+02    0.45590E-07
    0.25782E+02    0.43211E-07
    0.26302E+02    0.40955E-07
    0.26834E+02    0.38815E-07
    0.27376E+02    0.36787E-07
    0.27929E+02    0.34864E-07
    0.28493E+02    0.33040E-07
    0.29069E+02    0.31311E-07
    0.29656E+02    0.29672E-07
    0.30255E+02    0.28118E-07
    0.30866E+02    0.26645E-07
    0.31490E+02    0.25248E-07
    0.32126E+02    0.23924E-07
    0.32775E+02    0.22669E-07
    0.33437E+02    0.21480E-07
    0.34112E+02    0.20352E-07
    0.34801E+02    0.19283E-07
    0.35504E+02    0.18270E-07
    0.36222E+02    0.17310E-07
    0.36953E+02    0.16399E-07
    0.37700E+02    0.15537E-07
    0.38462E+02    0.14719E-07
    0.39239E+02    0.13944E-07
    0.40031E+02    0.13210E-07
    0.40840E+02    0.12514E-07
    0.41665E+02    0.11854E-07
    0.42507E+02    0.11229E-07
    0.43365E+02    0.10637E-07
    0.44241E+02    0.10076E-07
    0.45135E+02    0.95440E-08
    0.46047E+02    0.90401E-08
    0.46977E+02    0.85625E-08
    0.47926E+02    0.81101E-08
    0.48894E+02    0.76814E-08
    0.49882E+02    0.72752E-08
    0.50890E+02    0.68904E-08
    0.51918E+02    0.65258E-08
    0.52966E+02    0.61803E-08
    0.54036E+02    0.58530E-08
    0.55128E+02    0.55430E-08
    0.56242E+02    0.52493E-08
    0.57378E+02    0.49710E-08
    0.58537E+02    0.47074E-08
    0.59720E+02    0.44577E-08
    0.60926E+02    0.42212E-08
    0.62157E+02    0.39971E-08
    0.63412E+02    0.37849E-08
    0.64693E+02    0.35839E-08
    0.66000E+02    0.33935E-08
    0.67334E+02    0.32131E-08
    0.68694E+02    0.30423E-08
    0.70082E+02    0.28805E-08
    0.71497E+02    0.27272E-08
    0.72942E+02    0.25821E-08
    0.74415E+02    0.24446E-08
    0.75918E+02    0.23145E-08
    0.77452E+02    0.21912E-08
    0.79017E+02    0.20744E-08
    0.80613E+02    0.19639E-08
    0.82241E+02    0.18592E-08
    0.83903E+02    0.17600E-08
    0.85598E+02    0.16661E-08
    0.87327E+02    0.15772E-08
    0.89091E+02    0.14930E-08
    0.90891E+02    0.14133E-08
    0.92727E+02    0.13378E-08
    0.94600E+02    0.12663E-08
    0.96511E+02    0.11986E-08
    0.98461E+02    0.11346E-08
    0.10045E+03    0.10739E-08
    0.10248E+03    0.10165E-08
    0.10455E+03    0.96207E-09
    0.10666E+03    0.91058E-09
    0.10882E+03    0.86183E-09
    0.11101E+03    0.81568E-09
    0.11326E+03    0.77198E-09
    0.11554E+03    0.73062E-09
    0.11788E+03    0.69146E-09
    0.12026E+03    0.65439E-09
    0.12269E+03    0.61930E-09
    0.12517E+03    0.58608E-09
    0.12770E+03    0.55464E-09
    0.13028E+03    0.52487E-09
    0.13291E+03    0.49670E-09
    0.13559E+03    0.47002E-09
    0.13833E+03    0.44478E-09
    0.14113E+03    0.42088E-09
    0.14398E+03    0.39827E-09
    0.14689E+03    0.37686E-09
    0.14985E+03    0.35660E-09
    0.15288E+03    0.33742E-09
    0.15597E+03    0.31927E-09
    0.15912E+03    0.30209E-09
    0.16233E+03    0.28583E-09
    0.16561E+03    0.27044E-09
    0.16896E+03    0.25588E-09
    0.17237E+03    0.24210E-09
    0.17585E+03    0.22905E-09
    0.17941E+03    0.21671E-09
    0.18303E+03    0.20503E-09
    0.18673E+03    0.19398E-09
    0.19050E+03    0.18351E-09
    0.19435E+03    0.17362E-09
    0.19828E+03    0.16425E-09
    0.20228E+03    0.15539E-09
    0.20637E+03    0.14700E-09
    0.21054E+03    0.13906E-09
    0.21479E+03    0.13155E-09
    0.21913E+03    0.12445E-09
    0.22356E+03    0.11772E-09
    0.22807E+03    0.11136E-09
    0.23268E+03    0.10534E-09
    0.23738E+03    0.99645E-10
    0.24217E+03    0.94256E-10
    0.24707E+03    0.89158E-10
    0.25206E+03    0.84334E-10
    0.25715E+03    0.79770E-10
    0.26234E+03    0.75452E-10
    0.26764E+03    0.71367E-10
    0.27305E+03    0.67503E-10
    0.27857E+03    0.63847E-10
    0.28419E+03    0.60388E-10
    0.28994E+03    0.57116E-10
    0.29579E+03    0.54020E-10
    0.30177E+03    0.51092E-10
    0.30786E+03    0.48321E-10
    0.31408E+03    0.45701E-10
    0.32043E+03    0.43222E-10
    0.32690E+03    0.40877E-10
    0.33351E+03    0.38658E-10
    0.34024E+03    0.36560E-10
    0.34712E+03    0.34575E-10
    0.35413E+03    0.32698E-10
    0.36128E+03    0.30922E-10
    0.36858E+03    0.29242E-10
    0.37603E+03    0.27653E-10
    0.38362E+03    0.26150E-10
    0.39137E+03    0.24729E-10
    0.39928E+03    0.23385E-10
    0.40734E+03    0.22113E-10
    0.41557E+03    0.20910E-10
    0.42397E+03    0.19773E-10
    0.43253E+03    0.18697E-10
    0.44127E+03    0.17679E-10
    0.45019E+03    0.16717E-10
    0.45928E+03    0.15807E-10
    0.46856E+03    0.14946E-10
    0.47802E+03    0.14132E-10
    0.48768E+03    0.13362E-10
    0.49753E+03    0.12634E-10
    0.50758E+03    0.11946E-10
    0.51784E+03    0.11295E-10
    0.52830E+03    0.10679E-10
    0.53897E+03    0.10097E-10
    0.54986E+03    0.95462E-11
    0.56097E+03    0.90255E-11
    0.57230E+03    0.85332E-11
    0.58386E+03    0.80675E-11
    0.59565E+03    0.76273E-11
    0.60769E+03    0.72109E-11
    0.61996E+03    0.68173E-11
    0.63249E+03    0.64450E-11
    0.64526E+03    0.60930E-11
    0.65830E+03    0.57602E-11
    0.67160E+03    0.54455E-11
    0.68516E+03    0.51480E-11
    0.69901E+03    0.48666E-11
    0.71313E+03    0.46006E-11
    0.72753E+03    0.43491E-11
    0.74223E+03    0.41113E-11
    0.75722E+03    0.38864E-11
    0.77252E+03    0.36738E-11
    0.78813E+03    0.34728E-11
    0.80405E+03    0.32828E-11
    0.82029E+03    0.31031E-11
    0.83686E+03    0.29333E-11
    0.85377E+03    0.27727E-11
    0.87101E+03    0.26209E-11
    0.88861E+03    0.24774E-11
    0.90656E+03    0.23417E-11
    0.92488E+03    0.22134E-11
    0.94356E+03    0.20921E-11
    0.96262E+03    0.19775E-11
    0.98207E+03    0.18691E-11
    0.10019E+04    0.17666E-11
    0.10221E+04    0.16698E-11
    0.10428E+04    0.15782E-11
    0.10639E+04    0.14916E-11
    0.10854E+04    0.14098E-11
    0.11073E+04    0.13325E-11
    0.11296E+04    0.12594E-11
    0.11525E+04    0.11902E-11
    0.11757E+04    0.11249E-11
    0.11995E+04    0.10632E-11
    0.12237E+04    0.10048E-11
    0.12485E+04    0.94961E-12
    0.12737E+04    0.89745E-12
    0.12994E+04    0.84815E-12
    0.13257E+04    0.80156E-12
    0.13524E+04    0.75751E-12
    0.13798E+04    0.71588E-12
    0.14076E+04    0.67653E-12
    0.14361E+04    0.63934E-12
    0.14651E+04    0.60419E-12
    0.14947E+04    0.57097E-12
    0.15249E+04    0.53956E-12
    0.15557E+04    0.50988E-12
    0.15871E+04    0.48183E-12
    0.16192E+04    0.45532E-12
    0.16519E+04    0.43026E-12
    0.16852E+04    0.40658E-12
    0.17193E+04    0.38420E-12
    0.17540E+04    0.36305E-12
    0.17894E+04    0.34306E-12
    0.18256E+04    0.32417E-12
    0.18625E+04    0.30631E-12
    0.19001E+04    0.28944E-12
    0.19385E+04    0.27349E-12
    0.19776E+04    0.25842E-12
    0.20176E+04    0.24418E-12
    0.20583E+04    0.23072E-12
    0.20999E+04    0.21800E-12
    0.21424E+04    0.20598E-12
    0.21856E+04    0.19462E-12
    0.22298E+04    0.18389E-12
    0.22748E+04    0.17375E-12
    0.23208E+04    0.16416E-12
    0.23677E+04    0.15510E-12
    0.24155E+04    0.14655E-12
    0.24643E+04    0.13846E-12
    0.25141E+04    0.13082E-12
    0.25649E+04    0.12359E-12
    0.26167E+04    0.11677E-12
    0.26695E+04    0.11032E-12
    0.27235E+04    0.10423E-12
    0.27785E+04    0.98472E-13
    0.28346E+04    0.93032E-13
    0.28919E+04    0.87892E-13
    0.29503E+04    0.83035E-13
    0.30099E+04    0.78446E-13
    0.30707E+04    0.74110E-13
    0.31327E+04    0.70014E-13
    0.31960E+04    0.66143E-13
    0.32606E+04    0.62485E-13
    0.33264E+04    0.59030E-13
    0.33936E+04    0.55765E-13
    0.34622E+04    0.52680E-13
    0.35321E+04    0.49765E-13
    0.36035E+04    0.47012E-13
    0.36763E+04    0.44410E-13
    0.37506E+04    0.41952E-13
    0.38263E+04    0.39630E-13
    0.39036E+04    0.37436E-13
    0.39825E+04    0.35363E-13
    0.40629E+04    0.33405E-13
    0.41450E+04    0.31555E-13
    0.42287E+04    0.29807E-13
    0.43142E+04    0.28156E-13
    0.44013E+04    0.26596E-13
    0.44902E+04    0.25122E-13
    0.45809E+04    0.23730E-13
    0.46735E+04    0.22415E-13
    0.47679E+04    0.21172E-13
    0.48642E+04    0.19998E-13
    0.49625E+04    0.18890E-13
    0.50627E+04    0.17842E-13
    0.51650E+04    0.16853E-13
    0.52693E+04    0.15918E-13
    0.53758E+04    0.15035E-13
    0.54844E+04    0.14201E-13
    0.55952E+04    0.13413E-13
    0.57082E+04    0.12668E-13
    0.58235E+04    0.11965E-13
    0.59412E+04    0.11301E-13
    0.60612E+04    0.10674E-13
    0.61836E+04    0.10081E-13
    0.63085E+04    0.95215E-14
    0.64360E+04    0.89928E-14
    0.65660E+04    0.84934E-14
    0.66986E+04    0.80216E-14
    0.68340E+04    0.75760E-14
    0.69720E+04    0.71551E-14
    0.71129E+04    0.67576E-14
    0.72566E+04    0.63821E-14
    0.74031E+04    0.60274E-14
    0.75527E+04    0.56924E-14
    0.77053E+04    0.53760E-14
    0.78609E+04    0.50772E-14
    0.80197E+04    0.47949E-14
    0.81817E+04    0.45283E-14
    0.83470E+04    0.42765E-14
    0.85156E+04    0.40387E-14
    0.86877E+04    0.38141E-14
    0.88632E+04    0.36019E-14
    0.90422E+04    0.34016E-14
    0.92249E+04    0.32123E-14
    0.94112E+04    0.30336E-14
    0.96013E+04    0.28648E-14
    0.97953E+04    0.27054E-14
    0.99932E+04    0.25548E-14
    0.10195E+05    0.24126E-14
    0.10401E+05    0.22784E-14
    0.10611E+05    0.21515E-14
    0.10825E+05    0.20317E-14
    0.11044E+05    0.19186E-14
    0.11267E+05    0.18118E-14
    0.11495E+05    0.17109E-14
    0.11727E+05    0.16156E-14
    0.11964E+05    0.15256E-14
    0.12206E+05    0.14407E-14
    0.12452E+05    0.13604E-14
    0.12704E+05    0.12846E-14
    0.12960E+05    0.12131E-14
    0.13222E+05    0.11455E-14
    0.13489E+05    0.10816E-14
    0.13762E+05    0.10214E-14
    0.14040E+05    0.96443E-15
    0.14324E+05    0.91067E-15
    0.14613E+05    0.85990E-15
    0.14908E+05    0.81196E-15
    0.15209E+05    0.76668E-15
    0.15516E+05    0.72393E-15
    0.15830E+05    0.68356E-15
    0.16150E+05    0.64543E-15
    0.16476E+05    0.60943E-15
    0.16809E+05    0.57544E-15
    0.17148E+05    0.54334E-15
    0.17495E+05    0.51304E-15
    0.17848E+05    0.48442E-15
