  0.742942E-04  0.165992E+05  0.165992E+05  0.221322E+05  0.221321E+05  0.220364E+05  0.168111E+05  0.165992E+05  0.222286E+05 -0.618703E+00  0.175218E+05  0.175216E+05  0.155828E+02
  0.103686E-03  0.165992E+05  0.165991E+05  0.221321E+05  0.221318E+05  0.220362E+05  0.168111E+05  0.165992E+05  0.222285E+05 -0.618700E+00  0.175218E+05  0.175214E+05  0.217475E+02
  0.144705E-03  0.165992E+05  0.165989E+05  0.221318E+05  0.221313E+05  0.220357E+05  0.168110E+05  0.165991E+05  0.222284E+05 -0.618696E+00  0.175217E+05  0.175211E+05  0.303509E+02
  0.201953E-03  0.165991E+05  0.165985E+05  0.221313E+05  0.221303E+05  0.220347E+05  0.168108E+05  0.165990E+05  0.222280E+05 -0.618687E+00  0.175216E+05  0.175203E+05  0.423575E+02
  0.281848E-03  0.165989E+05  0.165978E+05  0.221303E+05  0.221285E+05  0.220328E+05  0.168105E+05  0.165987E+05  0.222274E+05 -0.618670E+00  0.175213E+05  0.175189E+05  0.591131E+02
  0.393350E-03  0.165985E+05  0.165964E+05  0.221284E+05  0.221248E+05  0.220292E+05  0.168099E+05  0.165982E+05  0.222262E+05 -0.618637E+00  0.175208E+05  0.175160E+05  0.824947E+02
  0.548964E-03  0.165978E+05  0.165938E+05  0.221247E+05  0.221176E+05  0.220220E+05  0.168086E+05  0.165972E+05  0.222237E+05 -0.618573E+00  0.175199E+05  0.175105E+05  0.115119E+03
  0.766141E-03  0.165965E+05  0.165885E+05  0.221175E+05  0.221036E+05  0.220082E+05  0.168062E+05  0.165953E+05  0.222190E+05 -0.618447E+00  0.175181E+05  0.174998E+05  0.160630E+03
  0.106924E-02  0.165939E+05  0.165784E+05  0.221034E+05  0.220763E+05  0.219811E+05  0.168015E+05  0.165915E+05  0.222099E+05 -0.618203E+00  0.175145E+05  0.174789E+05  0.224092E+03
  0.149224E-02  0.165888E+05  0.165586E+05  0.220760E+05  0.220234E+05  0.219286E+05  0.167924E+05  0.165841E+05  0.221921E+05 -0.617727E+00  0.175075E+05  0.174382E+05  0.312514E+03
  0.208259E-02  0.165788E+05  0.165201E+05  0.220228E+05  0.219205E+05  0.218266E+05  0.167746E+05  0.165697E+05  0.221574E+05 -0.616803E+00  0.174940E+05  0.173591E+05  0.435518E+03
  0.290648E-02  0.165595E+05  0.164454E+05  0.219193E+05  0.217214E+05  0.216290E+05  0.167400E+05  0.165418E+05  0.220901E+05 -0.615008E+00  0.174676E+05  0.172056E+05  0.606105E+03
  0.405633E-02  0.165219E+05  0.163005E+05  0.217189E+05  0.213382E+05  0.212488E+05  0.166732E+05  0.164876E+05  0.219601E+05 -0.611532E+00  0.174163E+05  0.169089E+05  0.841257E+03
  0.419382E-02  0.165166E+05  0.162800E+05  0.216906E+05  0.212844E+05  0.211954E+05  0.166637E+05  0.164800E+05  0.219418E+05 -0.611042E+00  0.174091E+05  0.168671E+05  0.869095E+03
  0.433597E-02  0.165109E+05  0.162582E+05  0.216604E+05  0.212270E+05  0.211385E+05  0.166537E+05  0.164718E+05  0.219222E+05 -0.610519E+00  0.174014E+05  0.168225E+05  0.897806E+03
  0.448293E-02  0.165049E+05  0.162349E+05  0.216281E+05  0.211658E+05  0.210778E+05  0.166429E+05  0.164631E+05  0.219013E+05 -0.609960E+00  0.173931E+05  0.167749E+05  0.927412E+03
  0.463488E-02  0.164984E+05  0.162100E+05  0.215937E+05  0.211006E+05  0.210130E+05  0.166314E+05  0.164537E+05  0.218790E+05 -0.609363E+00  0.173843E+05  0.167241E+05  0.957936E+03
  0.479198E-02  0.164915E+05  0.161834E+05  0.215569E+05  0.210310E+05  0.209440E+05  0.166192E+05  0.164438E+05  0.218552E+05 -0.608727E+00  0.173748E+05  0.166698E+05  0.989399E+03
  0.495441E-02  0.164841E+05  0.161550E+05  0.215177E+05  0.209569E+05  0.208705E+05  0.166061E+05  0.164331E+05  0.218298E+05 -0.608047E+00  0.173648E+05  0.166120E+05  0.102182E+04
  0.512234E-02  0.164762E+05  0.161247E+05  0.214758E+05  0.208779E+05  0.207921E+05  0.165921E+05  0.164218E+05  0.218028E+05 -0.607322E+00  0.173540E+05  0.165503E+05  0.105523E+04
  0.529596E-02  0.164678E+05  0.160924E+05  0.214311E+05  0.207938E+05  0.207087E+05  0.165772E+05  0.164097E+05  0.217739E+05 -0.606548E+00  0.173425E+05  0.164844E+05  0.108965E+04
  0.547547E-02  0.164588E+05  0.160579E+05  0.213834E+05  0.207042E+05  0.206198E+05  0.165613E+05  0.163967E+05  0.217430E+05 -0.605722E+00  0.173302E+05  0.164142E+05  0.112509E+04
  0.566106E-02  0.164493E+05  0.160211E+05  0.213324E+05  0.206088E+05  0.205251E+05  0.165443E+05  0.163829E+05  0.217102E+05 -0.604841E+00  0.173171E+05  0.163393E+05  0.116157E+04
  0.585294E-02  0.164390E+05  0.159818E+05  0.212781E+05  0.205073E+05  0.204244E+05  0.165263E+05  0.163682E+05  0.216751E+05 -0.603902E+00  0.173031E+05  0.162595E+05  0.119912E+04
  0.605133E-02  0.164281E+05  0.159399E+05  0.212202E+05  0.203992E+05  0.203171E+05  0.165069E+05  0.163524E+05  0.216378E+05 -0.602899E+00  0.172882E+05  0.161744E+05  0.123776E+04
  0.625644E-02  0.164164E+05  0.158952E+05  0.211583E+05  0.202843E+05  0.202031E+05  0.164864E+05  0.163356E+05  0.215980E+05 -0.601831E+00  0.172722E+05  0.160838E+05  0.127749E+04
  0.646850E-02  0.164039E+05  0.158475E+05  0.210924E+05  0.201620E+05  0.200818E+05  0.164644E+05  0.163177E+05  0.215555E+05 -0.600691E+00  0.172552E+05  0.159871E+05  0.131835E+04
  0.668775E-02  0.163906E+05  0.157966E+05  0.210221E+05  0.200321E+05  0.199528E+05  0.164410E+05  0.162986E+05  0.215103E+05 -0.599477E+00  0.172370E+05  0.158842E+05  0.136033E+04
  0.691443E-02  0.163764E+05  0.157424E+05  0.209472E+05  0.198940E+05  0.198158E+05  0.164161E+05  0.162782E+05  0.214621E+05 -0.598182E+00  0.172176E+05  0.157746E+05  0.140346E+04
  0.714880E-02  0.163613E+05  0.156845E+05  0.208673E+05  0.197473E+05  0.196702E+05  0.163895E+05  0.162564E+05  0.214108E+05 -0.596803E+00  0.171969E+05  0.156579E+05  0.144775E+04
  0.739111E-02  0.163451E+05  0.156229E+05  0.207821E+05  0.195915E+05  0.195157E+05  0.163612E+05  0.162332E+05  0.213562E+05 -0.595333E+00  0.171748E+05  0.155337E+05  0.149319E+04
  0.764163E-02  0.163279E+05  0.155572E+05  0.206914E+05  0.194263E+05  0.193516E+05  0.163310E+05  0.162085E+05  0.212981E+05 -0.593768E+00  0.171512E+05  0.154015E+05  0.153981E+04
  0.790064E-02  0.163095E+05  0.154873E+05  0.205948E+05  0.192509E+05  0.191776E+05  0.162988E+05  0.161821E+05  0.212362E+05 -0.592101E+00  0.171260E+05  0.152609E+05  0.158760E+04
  0.816844E-02  0.162899E+05  0.154127E+05  0.204918E+05  0.190651E+05  0.189932E+05  0.162646E+05  0.161540E+05  0.211704E+05 -0.590327E+00  0.170991E+05  0.151114E+05  0.163655E+04
  0.844531E-02  0.162689E+05  0.153333E+05  0.203822E+05  0.188681E+05  0.187977E+05  0.162282E+05  0.161240E+05  0.211004E+05 -0.588438E+00  0.170705E+05  0.149524E+05  0.168667E+04
  0.873156E-02  0.162466E+05  0.152488E+05  0.202656E+05  0.186596E+05  0.185908E+05  0.161894E+05  0.160920E+05  0.210259E+05 -0.586429E+00  0.170400E+05  0.147835E+05  0.173794E+04
  0.902752E-02  0.162229E+05  0.151589E+05  0.201414E+05  0.184390E+05  0.183717E+05  0.161482E+05  0.160580E+05  0.209469E+05 -0.584292E+00  0.170074E+05  0.146041E+05  0.179035E+04
  0.933351E-02  0.161975E+05  0.150632E+05  0.200094E+05  0.182056E+05  0.181402E+05  0.161043E+05  0.160218E+05  0.208629E+05 -0.582020E+00  0.169727E+05  0.144137E+05  0.184387E+04
  0.964987E-02  0.161705E+05  0.149613E+05  0.198689E+05  0.179591E+05  0.178955E+05  0.160577E+05  0.159832E+05  0.207737E+05 -0.579605E+00  0.169357E+05  0.142116E+05  0.189848E+04
  0.997695E-02  0.161417E+05  0.148531E+05  0.197196E+05  0.176988E+05  0.176371E+05  0.160082E+05  0.159421E+05  0.206790E+05 -0.577040E+00  0.168962E+05  0.139972E+05  0.195415E+04
  0.103151E-01  0.161111E+05  0.147380E+05  0.195609E+05  0.174243E+05  0.173646E+05  0.159555E+05  0.158984E+05  0.205785E+05 -0.574315E+00  0.168542E+05  0.137700E+05  0.201083E+04
  0.106648E-01  0.160785E+05  0.146157E+05  0.193924E+05  0.171350E+05  0.170774E+05  0.158996E+05  0.158518E+05  0.204721E+05 -0.571423E+00  0.168095E+05  0.135293E+05  0.206847E+04
  0.110262E-01  0.160437E+05  0.144859E+05  0.192134E+05  0.168304E+05  0.167750E+05  0.158403E+05  0.158024E+05  0.203592E+05 -0.568355E+00  0.167618E+05  0.132745E+05  0.212701E+04
  0.114000E-01  0.160068E+05  0.143480E+05  0.190235E+05  0.165102E+05  0.164570E+05  0.157773E+05  0.157498E+05  0.202397E+05 -0.565101E+00  0.167110E+05  0.130049E+05  0.218638E+04
  0.117864E-01  0.159674E+05  0.142017E+05  0.188221E+05  0.161737E+05  0.161230E+05  0.157106E+05  0.156939E+05  0.201132E+05 -0.561652E+00  0.166570E+05  0.127199E+05  0.224649E+04
  0.121859E-01  0.159256E+05  0.140466E+05  0.186085E+05  0.158208E+05  0.157726E+05  0.156398E+05  0.156345E+05  0.199794E+05 -0.557998E+00  0.165995E+05  0.124188E+05  0.230727E+04
  0.125989E-01  0.158811E+05  0.138821E+05  0.183822E+05  0.154511E+05  0.154054E+05  0.155649E+05  0.155714E+05  0.198380E+05 -0.554131E+00  0.165384E+05  0.121011E+05  0.236858E+04
  0.130260E-01  0.158338E+05  0.137079E+05  0.181426E+05  0.150643E+05  0.150213E+05  0.154856E+05  0.155044E+05  0.196887E+05 -0.550040E+00  0.164734E+05  0.117661E+05  0.243032E+04
  0.134675E-01  0.157835E+05  0.135235E+05  0.178890E+05  0.146603E+05  0.146201E+05  0.154017E+05  0.154334E+05  0.195311E+05 -0.545714E+00  0.164043E+05  0.114132E+05  0.249234E+04
  0.139240E-01  0.157302E+05  0.133284E+05  0.176209E+05  0.142391E+05  0.142016E+05  0.153130E+05  0.153580E+05  0.193649E+05 -0.541146E+00  0.163308E+05  0.110420E+05  0.255448E+04
  0.143959E-01  0.156735E+05  0.131221E+05  0.173377E+05  0.138006E+05  0.137661E+05  0.152193E+05  0.152782E+05  0.191899E+05 -0.536323E+00  0.162528E+05  0.106518E+05  0.261658E+04
  0.148839E-01  0.156134E+05  0.129043E+05  0.170386E+05  0.133451E+05  0.133136E+05  0.151204E+05  0.151936E+05  0.190057E+05 -0.531237E+00  0.161700E+05  0.102422E+05  0.267843E+04
  0.153884E-01  0.155496E+05  0.126743E+05  0.167232E+05  0.128729E+05  0.128444E+05  0.150161E+05  0.151041E+05  0.188121E+05 -0.525879E+00  0.160821E+05  0.981296E+04  0.273982E+04
  0.159099E-01  0.154820E+05  0.124319E+05  0.163908E+05  0.123845E+05  0.123591E+05  0.149061E+05  0.150094E+05  0.186087E+05 -0.520238E+00  0.159889E+05  0.936370E+04  0.280051E+04
  0.164492E-01  0.154103E+05  0.121765E+05  0.160409E+05  0.118805E+05  0.118584E+05  0.147904E+05  0.149093E+05  0.183955E+05 -0.514307E+00  0.158901E+05  0.889425E+04  0.286024E+04
  0.170068E-01  0.153345E+05  0.119077E+05  0.156729E+05  0.113619E+05  0.113429E+05  0.146687E+05  0.148036E+05  0.181720E+05 -0.508078E+00  0.157855E+05  0.840459E+04  0.291871E+04
  0.175832E-01  0.152542E+05  0.116252E+05  0.152865E+05  0.108298E+05  0.108140E+05  0.145408E+05  0.146920E+05  0.179383E+05 -0.501543E+00  0.156747E+05  0.789481E+04  0.297563E+04
  0.181792E-01  0.151693E+05  0.113286E+05  0.148812E+05  0.102854E+05  0.102727E+05  0.144066E+05  0.145743E+05  0.176942E+05 -0.494696E+00  0.155575E+05  0.736519E+04  0.303063E+04
  0.187954E-01  0.150796E+05  0.110177E+05  0.144566E+05  0.973034E+04  0.972084E+04  0.142659E+05  0.144503E+05  0.174395E+05 -0.487531E+00  0.154335E+05  0.681622E+04  0.308336E+04
  0.194324E-01  0.149848E+05  0.106921E+05  0.140125E+05  0.916649E+04  0.916007E+04  0.141186E+05  0.143197E+05  0.171742E+05 -0.480046E+00  0.153026E+05  0.624858E+04  0.313341E+04
  0.200911E-01  0.148848E+05  0.103518E+05  0.135488E+05  0.859592E+04  0.859252E+04  0.139646E+05  0.141825E+05  0.168985E+05 -0.472236E+00  0.151644E+05  0.566325E+04  0.318036E+04
  0.207721E-01  0.147794E+05  0.999668E+04  0.130654E+05  0.802104E+04  0.802056E+04  0.138038E+05  0.140384E+05  0.166123E+05 -0.464102E+00  0.150187E+05  0.506147E+04  0.322374E+04
  0.214762E-01  0.146683E+05  0.962669E+04  0.125624E+05  0.744451E+04  0.744680E+04  0.136362E+05  0.138872E+05  0.163158E+05 -0.455645E+00  0.148651E+05  0.444481E+04  0.326308E+04
  0.222041E-01  0.145514E+05  0.924199E+04  0.120402E+05  0.686925E+04  0.687417E+04  0.134616E+05  0.137288E+05  0.160093E+05 -0.446868E+00  0.147035E+05  0.381520E+04  0.329785E+04
  0.229567E-01  0.144284E+05  0.884282E+04  0.114990E+05  0.629845E+04  0.630581E+04  0.132802E+05  0.135631E+05  0.156932E+05 -0.437777E+00  0.145336E+05  0.317496E+04  0.332752E+04
  0.237348E-01  0.142993E+05  0.842958E+04  0.109397E+05  0.573552E+04  0.574511E+04  0.130920E+05  0.133899E+05  0.153677E+05 -0.428381E+00  0.143552E+05  0.252683E+04  0.335153E+04
  0.245393E-01  0.141638E+05  0.800282E+04  0.103631E+05  0.518405E+04  0.519563E+04  0.128970E+05  0.132093E+05  0.150335E+05 -0.418689E+00  0.141681E+05  0.187400E+04  0.336928E+04
  0.253711E-01  0.140218E+05  0.756327E+04  0.977020E+04  0.464778E+04  0.466109E+04  0.126954E+05  0.130212E+05  0.146912E+05 -0.408718E+00  0.139721E+05  0.122016E+04  0.338020E+04
  0.262311E-01  0.138732E+05  0.711185E+04  0.916254E+04  0.413053E+04  0.414527E+04  0.124874E+05  0.128257E+05  0.143414E+05 -0.398484E+00  0.137672E+05  0.569486E+03  0.338366E+04
  0.271202E-01  0.137178E+05  0.664972E+04  0.854178E+04  0.363612E+04  0.365198E+04  0.122731E+05  0.126227E+05  0.139850E+05 -0.388008E+00  0.135532E+05 -0.732950E+02  0.337905E+04
  0.280394E-01  0.135555E+05  0.617825E+04  0.790994E+04  0.316826E+04  0.318492E+04  0.120529E+05  0.124126E+05  0.136228E+05 -0.377314E+00  0.133301E+05 -0.702931E+03  0.336578E+04
  0.289898E-01  0.133863E+05  0.569906E+04  0.726940E+04  0.273049E+04  0.274762E+04  0.118271E+05  0.121954E+05  0.132559E+05 -0.366431E+00  0.130979E+05 -0.131363E+04  0.334324E+04
  0.299724E-01  0.132102E+05  0.521406E+04  0.662287E+04  0.232603E+04  0.234330E+04  0.115961E+05  0.119714E+05  0.128853E+05 -0.355390E+00  0.128567E+05 -0.189908E+04  0.331089E+04
  0.309883E-01  0.130271E+05  0.472542E+04  0.597344E+04  0.195768E+04  0.197476E+04  0.113603E+05  0.117409E+05  0.125122E+05 -0.344226E+00  0.126067E+05 -0.245251E+04  0.326820E+04
  0.320387E-01  0.128370E+05  0.423559E+04  0.532458E+04  0.162766E+04  0.164424E+04  0.111201E+05  0.115044E+05  0.121379E+05 -0.332976E+00  0.123482E+05 -0.296668E+04  0.321471E+04
  0.331246E-01  0.126401E+05  0.374732E+04  0.468013E+04  0.133751E+04  0.135329E+04  0.108762E+05  0.112623E+05  0.117635E+05 -0.321683E+00  0.120813E+05 -0.343404E+04  0.315002E+04
  0.342474E-01  0.124364E+05  0.326364E+04  0.404430E+04  0.108794E+04  0.110268E+04  0.106289E+05  0.110153E+05  0.113905E+05 -0.310390E+00  0.118066E+05 -0.384676E+04  0.307385E+04
  0.354082E-01  0.122260E+05  0.278786E+04  0.342164E+04  0.878768E+03  0.892258E+03  0.103791E+05  0.107638E+05  0.110202E+05 -0.299143E+00  0.115245E+05 -0.419695E+04  0.298601E+04
  0.366084E-01  0.120093E+05  0.232356E+04  0.281699E+04  0.708797E+03  0.720883E+03  0.101272E+05  0.105087E+05  0.106539E+05 -0.287992E+00  0.112356E+05 -0.447678E+04  0.288646E+04
  0.378492E-01  0.117862E+05  0.187452E+04  0.223546E+04  0.575808E+03  0.586396E+03  0.987399E+04  0.102506E+05  0.102930E+05 -0.276984E+00  0.109407E+05 -0.467871E+04  0.277531E+04
  0.391321E-01  0.115573E+05  0.144471E+04  0.168235E+04  0.476556E+03  0.485619E+03  0.962013E+04  0.999057E+04  0.993878E+04 -0.266169E+00  0.106405E+05 -0.479578E+04  0.265285E+04
  0.404585E-01  0.113227E+05  0.103825E+04  0.116302E+04  0.406844E+03  0.414422E+03  0.936634E+04  0.972938E+04  0.959261E+04 -0.255597E+00  0.103359E+05 -0.482188E+04  0.251959E+04
  0.418299E-01  0.110829E+05  0.659285E+03  0.682859E+03  0.361658E+03  0.367856E+03  0.911335E+04  0.946801E+04  0.925569E+04 -0.245316E+00  0.100280E+05 -0.475209E+04  0.237626E+04
  0.432477E-01  0.108383E+05  0.311933E+03  0.247080E+03  0.335380E+03  0.340363E+03  0.886188E+04  0.920746E+04  0.892919E+04 -0.235372E+00  0.971774E+04 -0.458307E+04  0.222383E+04
  0.447136E-01  0.105893E+05  0.172182E+00 -0.139394E+03  0.322063E+03  0.326044E+03  0.861268E+04  0.894873E+04  0.861421E+04 -0.225808E+00  0.940635E+04 -0.431347E+04  0.206354E+04
  0.462292E-01  0.103364E+05 -0.272287E+03 -0.472115E+03  0.315780E+03  0.319004E+03  0.836646E+04  0.869281E+04  0.831177E+04 -0.216661E+00  0.909504E+04 -0.394432E+04  0.189690E+04
  0.477961E-01  0.100802E+05 -0.502136E+03 -0.747299E+03  0.311003E+03  0.313732E+03  0.812396E+04  0.844069E+04  0.802279E+04 -0.207967E+00  0.878506E+04 -0.347946E+04  0.172568E+04
  0.494162E-01  0.982124E+04 -0.686627E+03 -0.962032E+03  0.303011E+03  0.305496E+03  0.788585E+04  0.819326E+04  0.774810E+04 -0.199754E+00  0.847768E+04 -0.292589E+04  0.155194E+04
  0.510911E-01  0.956014E+04 -0.823730E+03 -0.111448E+04  0.288267E+03  0.290728E+03  0.765281E+04  0.795137E+04  0.748839E+04 -0.192043E+00  0.817419E+04 -0.229417E+04  0.137796E+04
  0.528229E-01  0.929754E+04 -0.912322E+03 -0.120426E+04  0.264726E+03  0.267332E+03  0.742544E+04  0.771573E+04  0.724415E+04 -0.184848E+00  0.787580E+04 -0.159850E+04  0.120623E+04
  0.546133E-01  0.903411E+04 -0.952276E+03 -0.123200E+04  0.232041E+03  0.234891E+03  0.720429E+04  0.748692E+04  0.701583E+04 -0.178176E+00  0.758375E+04 -0.857100E+03  0.103942E+04
  0.564644E-01  0.877055E+04 -0.944747E+03 -0.120047E+04  0.191571E+03  0.194685E+03  0.698980E+04  0.726536E+04  0.680349E+04 -0.172023E+00  0.729912E+04 -0.917978E+02  0.880292E+03
  0.583783E-01  0.850755E+04 -0.892196E+03 -0.111406E+04  0.146219E+03  0.149536E+03  0.678227E+04  0.705125E+04  0.660694E+04 -0.166376E+00  0.702288E+04  0.672122E+03  0.731607E+03
  0.611299E-01  0.814640E+04 -0.753011E+03 -0.916261E+03  0.831430E+02  0.865180E+02  0.650724E+04  0.676762E+04  0.636017E+04 -0.159363E+00  0.665655E+04  0.167288E+04  0.548276E+03
  0.638816E-01  0.780515E+04 -0.560475E+03 -0.660935E+03  0.324579E+02  0.355615E+02  0.625678E+04  0.650907E+04  0.614856E+04 -0.153431E+00  0.632440E+04  0.250358E+04  0.402239E+03
  0.666332E-01  0.748343E+04 -0.337852E+03 -0.378485E+03  0.120809E+01  0.376144E+01  0.602740E+04  0.627168E+04  0.596409E+04 -0.148344E+00  0.602364E+04  0.311846E+04  0.293214E+03
  0.693849E-01  0.718069E+04 -0.106463E+03 -0.957511E+02 -0.894009E+01 -0.708430E+01  0.581557E+04  0.605170E+04  0.579884E+04 -0.143885E+00  0.575128E+04  0.349018E+04  0.219160E+03
  0.721365E-01  0.689622E+04  0.115179E+03  0.164991E+03 -0.129304E+01 -0.119643E+00  0.561781E+04  0.584563E+04  0.564535E+04 -0.139854E+00  0.550428E+04  0.361031E+04  0.176572E+03
  0.748881E-01  0.662916E+04  0.311989E+03  0.386665E+03  0.174747E+02  0.181239E+02  0.543093E+04  0.565044E+04  0.549706E+04 -0.136077E+00  0.527960E+04  0.348860E+04  0.160838E+03
  0.776398E-01  0.637856E+04  0.472709E+03  0.557676E+03  0.394865E+02  0.398557E+02  0.525219E+04  0.546357E+04  0.534866E+04 -0.132410E+00  0.507435E+04  0.315102E+04  0.166600E+03
  0.803914E-01  0.614341E+04  0.590039E+03  0.671825E+03  0.577511E+02  0.580972E+02  0.507940E+04  0.528303E+04  0.519640E+04 -0.128741E+00  0.488581E+04  0.263680E+04  0.188142E+03
  0.831430E-01  0.592264E+04  0.660583E+03  0.727939E+03  0.676735E+02  0.681984E+02  0.491100E+04  0.510739E+04  0.503817E+04 -0.124995E+00  0.471146E+04  0.199482E+04  0.219741E+03
  0.858947E-01  0.571517E+04  0.684527E+03  0.729226E+03  0.677192E+02  0.685244E+02  0.474609E+04  0.493578E+04  0.487348E+04 -0.121127E+00  0.454908E+04  0.127949E+04  0.255994E+03
  0.886463E-01  0.551995E+04  0.665206E+03  0.682458E+03  0.592131E+02  0.602875E+02  0.458434E+04  0.476781E+04  0.470324E+04 -0.117129E+00  0.439668E+04  0.546633E+03  0.292085E+03
  0.913980E-01  0.533594E+04  0.608499E+03  0.597011E+03  0.454679E+02  0.467068E+02  0.442593E+04  0.460352E+04  0.452945E+04 -0.113020E+00  0.425259E+04 -0.150603E+03  0.323992E+03
  0.941496E-01  0.516218E+04  0.522176E+03  0.483874E+03  0.305687E+02  0.318160E+02  0.427138E+04  0.444330E+04  0.435480E+04 -0.108841E+00  0.411542E+04 -0.765254E+03  0.348630E+03
  0.969012E-01  0.499776E+04  0.415130E+03  0.354652E+03  0.181737E+02  0.192727E+02  0.412142E+04  0.428777E+04  0.418224E+04 -0.104650E+00  0.398408E+04 -0.125951E+04  0.363917E+03
  0.996529E-01  0.484186E+04  0.296707E+03  0.220666E+03  0.106278E+02  0.114664E+02  0.397687E+04  0.413769E+04  0.401466E+04 -0.100513E+00  0.385776E+04 -0.160673E+04  0.368776E+03
  0.102405E+00  0.469375E+04  0.176023E+03  0.921745E+02  0.856546E+01  0.910373E+01  0.383853E+04  0.399382E+04  0.385463E+04 -0.964958E-01  0.373592E+04 -0.179261E+04  0.363073E+03
  0.105156E+00  0.455278E+04  0.614014E+02 -0.222332E+02  0.110251E+02  0.112996E+02  0.370706E+04  0.385693E+04  0.370418E+04 -0.926607E-01  0.361823E+04 -0.181541E+04  0.347504E+03
  0.107908E+00  0.441836E+04 -0.401175E+02 -0.116062E+03  0.159678E+02  0.160742E+02  0.358296E+04  0.372761E+04  0.356475E+04 -0.890591E-01  0.350456E+04 -0.168523E+04  0.323445E+03
  0.110659E+00  0.429001E+04 -0.123108E+03 -0.185130E+03  0.210032E+02  0.210641E+02  0.346656E+04  0.360629E+04  0.343717E+04 -0.857289E-01  0.339490E+04 -0.142255E+04  0.292774E+03
  0.113411E+00  0.416730E+04 -0.183954E+03 -0.227602E+03  0.241016E+02  0.242301E+02  0.335797E+04  0.349316E+04  0.332170E+04 -0.826931E-01  0.328934E+04 -0.105602E+04  0.257676E+03
  0.116163E+00  0.404986E+04 -0.220921E+03 -0.243842E+03  0.241060E+02  0.243755E+02  0.325709E+04  0.338819E+04  0.321810E+04 -0.799590E-01  0.318801E+04 -0.619893E+03  0.220457E+03
  0.118914E+00  0.393736E+04 -0.234075E+03 -0.236129E+03  0.209357E+02  0.213636E+02  0.316365E+04  0.329108E+04  0.312572E+04 -0.775200E-01  0.309105E+04 -0.151187E+03  0.183364E+03
  0.121666E+00  0.382955E+04 -0.225108E+03 -0.208262E+03  0.154681E+02  0.160167E+02  0.307722E+04  0.320136E+04  0.304353E+04 -0.753564E-01  0.299856E+04  0.313202E+03  0.148435E+03
  0.124418E+00  0.372618E+04 -0.197062E+03 -0.165094E+03  0.917404E+01  0.976710E+01  0.299720E+04  0.311835E+04  0.297025E+04 -0.734390E-01  0.291059E+04  0.739174E+03  0.117372E+03
  0.127169E+00  0.362703E+04 -0.153990E+03 -0.112050E+03  0.363475E+01  0.418312E+01  0.292288E+04  0.304124E+04  0.290439E+04 -0.717309E-01  0.282714E+04  0.109771E+04  0.914584E+02
  0.129921E+00  0.353192E+04 -0.100583E+03 -0.546458E+02  0.874597E-01  0.516318E+00  0.285344E+04  0.296914E+04  0.284430E+04 -0.701913E-01  0.274811E+04  0.136669E+04  0.715076E+02
  0.132673E+00  0.344067E+04 -0.417877E+02  0.194112E+01 -0.881616E+00 -0.612081E+00  0.278804E+04  0.290113E+04  0.278830E+04 -0.687776E-01  0.267337E+04  0.153202E+04  0.578549E+02
  0.135424E+00  0.335311E+04  0.175624E+02  0.532240E+02  0.569477E+00  0.683958E+00  0.272582E+04  0.283634E+04  0.273478E+04 -0.674488E-01  0.260270E+04  0.158819E+04  0.503806E+02
  0.138176E+00  0.326908E+04  0.730615E+02  0.956725E+02  0.365968E+01  0.366319E+01  0.266596E+04  0.277392E+04  0.268227E+04 -0.661669E-01  0.253584E+04  0.153805E+04  0.485634E+02
  0.140927E+00  0.318843E+04  0.121001E+03  0.126873E+03  0.726340E+01  0.722458E+01  0.260773E+04  0.271319E+04  0.262955E+04 -0.648996E-01  0.247250E+04  0.139211E+04  0.515572E+02
  0.143679E+00  0.311100E+04  0.158558E+03  0.145588E+03  0.102529E+02  0.102438E+02  0.255056E+04  0.265358E+04  0.257574E+04 -0.636215E-01  0.241236E+04  0.116720E+04  0.582824E+02
  0.146431E+00  0.303663E+04  0.183911E+03  0.151713E+03  0.118045E+02  0.118800E+02  0.249400E+04  0.259466E+04  0.252032E+04 -0.623149E-01  0.235510E+04  0.884857E+03  0.675246E+02
  0.149182E+00  0.296517E+04  0.196272E+03  0.146159E+03  0.115881E+02  0.117720E+02  0.243780E+04  0.253618E+04  0.246318E+04 -0.609702E-01  0.230041E+04  0.569404E+03  0.780341E+02
  0.151934E+00  0.289647E+04  0.195847E+03  0.130663E+03  0.980218E+01  0.100826E+02  0.238188E+04  0.247806E+04  0.240452E+04 -0.595859E-01  0.224797E+04  0.245968E+03  0.886161E+02
  0.154686E+00  0.283037E+04  0.183734E+03  0.107560E+03  0.705961E+01  0.739519E+01  0.232629E+04  0.242033E+04  0.234486E+04 -0.581676E-01  0.219750E+04 -0.614293E+02  0.982101E+02
  0.157437E+00  0.276675E+04  0.161760E+03  0.795256E+02  0.417165E+01  0.450583E+01  0.227123E+04  0.236316E+04  0.228488E+04 -0.567267E-01  0.214875E+04 -0.331562E+03  0.105951E+03
  0.160189E+00  0.270544E+04  0.132292E+03  0.493306E+02  0.190052E+01  0.217879E+01  0.221697E+04  0.230679E+04  0.222538E+04 -0.552789E-01  0.210153E+04 -0.547388E+03  0.111209E+03
  0.162941E+00  0.264633E+04  0.980191E+02  0.196069E+02  0.751329E+00  0.936868E+00  0.216381E+04  0.225152E+04  0.216716E+04 -0.538422E-01  0.205565E+04 -0.697016E+03  0.113613E+03
  0.165692E+00  0.258929E+04  0.617359E+02 -0.734672E+01  0.857229E+00  0.940404E+00  0.211208E+04  0.219770E+04  0.211092E+04 -0.524354E-01  0.201100E+04 -0.774240E+03  0.113048E+03
  0.168444E+00  0.253420E+04  0.261379E+02 -0.297118E+02  0.198020E+01  0.197959E+01  0.206208E+04  0.214563E+04  0.205726E+04 -0.510762E-01  0.196749E+04 -0.778607E+03  0.109639E+03
  0.171195E+00  0.248096E+04 -0.636289E+01 -0.462428E+02  0.361590E+01  0.357120E+01  0.201406E+04  0.209560E+04  0.200660E+04 -0.497798E-01  0.192509E+04 -0.715054E+03  0.103714E+03
  0.173947E+00  0.242946E+04 -0.337807E+02 -0.563047E+02  0.516328E+01  0.512259E+01  0.196822E+04  0.204783E+04  0.195919E+04 -0.485578E-01  0.188377E+04 -0.593176E+03  0.957642E+02
  0.176699E+00  0.237962E+04 -0.546615E+02 -0.598562E+02  0.610539E+01  0.611092E+01  0.192468E+04  0.200248E+04  0.191512E+04 -0.474176E-01  0.184355E+04 -0.426190E+03  0.863866E+02
  0.179450E+00  0.233137E+04 -0.681379E+02 -0.573883E+02  0.614971E+01  0.622607E+01  0.188348E+04  0.195961E+04  0.187434E+04 -0.463624E-01  0.180446E+04 -0.229703E+03  0.762332E+02
  0.182202E+00  0.228462E+04 -0.739374E+02 -0.498255E+02  0.529216E+01  0.544044E+01  0.184462E+04  0.191921E+04  0.183669E+04 -0.453909E-01  0.176652E+04 -0.203950E+02  0.659560E+02
  0.184954E+00  0.223932E+04 -0.723569E+02 -0.384029E+02  0.379375E+01  0.399271E+01  0.180801E+04  0.188117E+04  0.180187E+04 -0.444983E-01  0.172977E+04  0.185296E+03  0.561593E+02
  0.187705E+00  0.219540E+04 -0.641853E+02 -0.245313E+02  0.208391E+01  0.229755E+01  0.177350E+04  0.184532E+04  0.176955E+04 -0.436765E-01  0.169424E+04  0.372373E+03  0.473602E+02
  0.190457E+00  0.215282E+04 -0.506093E+02 -0.966284E+01  0.624128E+00  0.813075E+00  0.174088E+04  0.181144E+04  0.173931E+04 -0.429152E-01  0.165993E+04  0.528290E+03  0.399590E+02
  0.193209E+00  0.211152E+04 -0.330958E+02  0.483287E+01 -0.226289E+00 -0.931529E-01  0.170991E+04  0.177926E+04  0.171070E+04 -0.422026E-01  0.162684E+04  0.643702E+03  0.342210E+02
  0.195960E+00  0.207146E+04 -0.132612E+02  0.177718E+02 -0.304697E+00 -0.241604E+00  0.168032E+04  0.174847E+04  0.168328E+04 -0.415267E-01  0.159497E+04  0.712934E+03  0.302705E+02
  0.198712E+00  0.203259E+04  0.725152E+01  0.282326E+02  0.323670E+00  0.322624E+00  0.165183E+04  0.171881E+04  0.165659E+04 -0.408754E-01  0.156427E+04  0.734130E+03  0.280950E+02
  0.201463E+00  0.199488E+04  0.268953E+02  0.356034E+02  0.140149E+01  0.135959E+01  0.162417E+04  0.168998E+04  0.163024E+04 -0.402382E-01  0.153469E+04  0.709114E+03  0.275592E+02
  0.204215E+00  0.195828E+04  0.443172E+02  0.395983E+02  0.256670E+01  0.251698E+01  0.159709E+04  0.166175E+04  0.160392E+04 -0.396057E-01  0.150620E+04  0.642985E+03  0.284272E+02
  0.206967E+00  0.192276E+04  0.584378E+02  0.402449E+02  0.345954E+01  0.343669E+01  0.157038E+04  0.163392E+04  0.157739E+04 -0.389709E-01  0.147871E+04  0.543495E+03  0.303889E+02
  0.209718E+00  0.188828E+04  0.685066E+02  0.378478E+02  0.381986E+01  0.385444E+01  0.154389E+04  0.160634E+04  0.155052E+04 -0.383292E-01  0.145216E+04  0.420280E+03  0.330899E+02
  0.212470E+00  0.185479E+04  0.741219E+02  0.329320E+02  0.355894E+01  0.388998E+01  0.151753E+04  0.157891E+04  0.152332E+04 -0.376789E-01  0.142647E+04  0.284002E+03  0.361619E+02
  0.215222E+00  0.182226E+04  0.752346E+02  0.261752E+02  0.277333E+01  0.302051E+01  0.149124E+04  0.155159E+04  0.149584E+04 -0.370185E-01  0.140158E+04  0.145475E+03  0.392503E+02
  0.217973E+00  0.179065E+04  0.721181E+02  0.183341E+02  0.170415E+01  0.181549E+01  0.146506E+04  0.152440E+04  0.146826E+04 -0.363511E-01  0.137740E+04  0.148661E+02  0.420386E+02
  0.226691E+00  0.169619E+04  0.417863E+02 -0.540915E+01 -0.345696E+00 -0.564908E+00  0.138373E+04  0.143987E+04  0.138280E+04 -0.342426E-01  0.130489E+04 -0.258743E+03  0.463878E+02
  0.235758E+00  0.160619E+04  0.118283E+01 -0.155292E+02  0.164237E+01  0.174111E+01  0.130469E+04  0.135753E+04  0.130222E+04 -0.322014E-01  0.123497E+04 -0.237025E+03  0.419898E+02
  0.245187E+00  0.152040E+04 -0.211783E+02 -0.812037E+01  0.204918E+01  0.233436E+01  0.123171E+04  0.128157E+04  0.123051E+04 -0.303818E-01  0.116754E+04  0.148374E+02  0.316173E+02
  0.254993E+00  0.143861E+04 -0.132230E+02  0.562893E+01 -0.149290E+00 -0.302204E+00  0.116636E+04  0.121367E+04  0.116729E+04 -0.288126E-01  0.110316E+04  0.265007E+03  0.221055E+02
  0.265191E+00  0.136068E+04  0.123320E+02  0.115847E+02  0.766555E+00  0.734655E+00  0.110692E+04  0.115178E+04  0.110892E+04 -0.273898E-01  0.104238E+04  0.311026E+03  0.185469E+02
  0.275797E+00  0.128654E+04  0.302915E+02  0.636422E+01  0.148626E+01  0.179116E+01  0.104943E+04  0.109191E+04  0.105061E+04 -0.259721E-01  0.985201E+03  0.152207E+03  0.203121E+02
  0.286828E+00  0.121610E+04  0.261101E+02 -0.145881E+01 -0.187608E+00 -0.331013E+00  0.991509E+03  0.103173E+04  0.991251E+03 -0.245087E-01  0.931126E+03 -0.275084E+02  0.224768E+02
  0.298299E+00  0.114919E+04  0.821964E+01 -0.305079E+01  0.790845E+00  0.799746E+00  0.934554E+03  0.972421E+03  0.934104E+03 -0.230740E-01  0.879557E+03 -0.570645E+02  0.211162E+02
  0.310230E+00  0.108564E+04 -0.311143E+01  0.773922E+00  0.697357E+00  0.913929E+00  0.881258E+03  0.916959E+03  0.881441E+03 -0.217616E-01  0.830282E+03  0.498972E+02  0.169172E+02
  0.322637E+00  0.102526E+04  0.147998E+01  0.319685E+01 -0.104376E+00 -0.341292E+00  0.832861E+03  0.866650E+03  0.833389E+03 -0.205831E-01  0.783492E+03  0.138873E+03  0.134367E+02
  0.335541E+00  0.967937E+03  0.119083E+02  0.171505E+01  0.878252E+00  0.108300E+01  0.787912E+03  0.819820E+03  0.788267E+03 -0.194746E-01  0.739310E+03  0.113198E+03  0.125490E+02
  0.348961E+00  0.913545E+03  0.137951E+02 -0.973457E-01 -0.124246E+00 -0.191374E+00  0.743969E+03  0.774147E+03  0.743943E+03 -0.183789E-01  0.697549E+03  0.351850E+02  0.127651E+02
  0.362918E+00  0.861970E+03  0.688713E+01  0.177974E+00  0.573174E+00  0.583462E+00  0.701085E+03  0.729493E+03  0.701159E+03 -0.173133E-01  0.657903E+03  0.128863E+02  0.119527E+02
  0.377433E+00  0.813084E+03  0.234713E+01  0.856826E+00  0.218827E-01  0.100205E+00  0.660688E+03  0.687477E+03  0.660833E+03 -0.163193E-01  0.620243E+03  0.508272E+02  0.101460E+02
  0.392528E+00  0.766758E+03  0.496850E+01  0.628103E+00  0.362302E+00  0.271869E+00  0.623462E+03  0.648734E+03  0.623595E+03 -0.154014E-01  0.584617E+03  0.728393E+02  0.876829E+01
  0.408227E+00  0.722874E+03  0.793350E+01  0.359413E+00  0.307444E-01  0.152075E+00  0.588259E+03  0.612109E+03  0.588322E+03 -0.145295E-01  0.550969E+03  0.507192E+02  0.824117E+01
  0.424554E+00  0.681321E+03  0.611329E+01  0.371167E+00  0.317558E+00  0.229662E+00  0.554244E+03  0.576711E+03  0.554331E+03 -0.136875E-01  0.519117E+03  0.297632E+02  0.775164E+01
  0.441534E+00  0.641988E+03  0.363555E+01  0.287864E+00 -0.547331E-01  0.137640E-01  0.521923E+03  0.543088E+03  0.521967E+03 -0.128899E-01  0.488934E+03  0.375474E+02  0.687525E+01
  0.459193E+00  0.604773E+03  0.430355E+01  0.285221E+00  0.320596E+00  0.323785E+00  0.491811E+03  0.511743E+03  0.491884E+03 -0.121458E-01  0.460408E+03  0.461868E+02  0.606653E+01
  0.477558E+00  0.569578E+03  0.515948E+01  0.289034E+00 -0.710787E-01 -0.132180E+00  0.463337E+03  0.482133E+03  0.463380E+03 -0.114422E-01  0.433480E+03  0.367924E+02  0.558632E+01
  0.496658E+00  0.536302E+03  0.408379E+01  0.171814E+00  0.169949E+00  0.303043E+00  0.436170E+03  0.453845E+03  0.436211E+03 -0.107707E-01  0.408022E+03  0.298747E+02  0.512044E+01
  0.516522E+00  0.504848E+03  0.344381E+01  0.180847E+00  0.126407E+00 -0.208238E-02  0.410517E+03  0.427165E+03  0.410557E+03 -0.101371E-01  0.383953E+03  0.334612E+02  0.456345E+01
  0.537180E+00  0.475126E+03  0.377966E+01  0.181980E+00 -0.594513E-01 -0.392539E-02  0.386430E+03  0.402101E+03  0.386456E+03 -0.954222E-02  0.361237E+03  0.319022E+02  0.412308E+01
  0.558664E+00  0.447053E+03  0.347568E+01  0.121352E+00  0.122735E+00  0.196643E+00  0.363593E+03  0.378329E+03  0.363622E+03 -0.897786E-02  0.339795E+03  0.271377E+02  0.376376E+01
  0.581008E+00  0.420542E+03  0.303780E+01  0.120733E+00  0.121461E+00  0.275679E-01  0.341991E+03  0.355858E+03  0.342020E+03 -0.844428E-02  0.319548E+03  0.270540E+02  0.338562E+01
  0.604245E+00  0.395515E+03  0.302740E+01  0.110334E+00 -0.235238E-01 -0.404114E-01  0.321661E+03  0.334707E+03  0.321677E+03 -0.794229E-02  0.300446E+03  0.258256E+02  0.305649E+01
  0.628412E+00  0.371895E+03  0.280988E+01  0.838089E-01 -0.244645E-01  0.553158E-01  0.302450E+03  0.314713E+03  0.302462E+03 -0.746772E-02  0.282428E+03  0.233723E+02  0.277238E+01
  0.653545E+00  0.349612E+03  0.258670E+01  0.798474E-01  0.564090E-01  0.982924E-01  0.284321E+03  0.295847E+03  0.284339E+03 -0.702002E-02  0.265435E+03  0.225653E+02  0.249920E+01
  0.816179E+00  0.245401E+03  0.182289E+01  0.378471E-01 -0.164127E-01  0.229374E-01  0.199571E+03  0.207664E+03  0.199577E+03 -0.492716E-02  0.186068E+03  0.157903E+02  0.140306E+01
  0.101928E+01  0.171221E+03  0.126653E+01  0.159995E-01  0.223465E-01  0.802883E-02  0.139244E+03  0.144890E+03  0.139248E+03 -0.343754E-02  0.129679E+03  0.110307E+02  0.782837E+00
  0.127293E+01  0.118821E+03  0.874801E+00  0.718449E-02  0.115437E-01  0.684895E-02  0.966296E+02  0.100548E+03  0.966317E+02 -0.238545E-02  0.899092E+02  0.766433E+01  0.434517E+00
  0.158970E+01  0.820585E+02  0.602459E+00  0.318341E-02  0.249361E-02 -0.878782E-03  0.667323E+02  0.694385E+02  0.667330E+02 -0.164736E-02  0.620424E+02  0.529698E+01  0.240060E+00
  0.198529E+01  0.564224E+02  0.413840E+00  0.140446E-02  0.211280E-02  0.359533E-02  0.458844E+02  0.477450E+02  0.458848E+02 -0.113269E-02  0.426306E+02  0.364392E+01  0.132067E+00
  0.247933E+01  0.386419E+02  0.283178E+00  0.617166E-03 -0.214037E-03 -0.410267E-03  0.314246E+02  0.326990E+02  0.314247E+02 -0.775734E-03  0.291791E+02  0.249639E+01  0.723768E-01
  0.309631E+01  0.263696E+02  0.193138E+00  0.270215E-03 -0.605794E-03  0.600006E-04  0.214445E+02  0.223141E+02  0.214445E+02 -0.529367E-03  0.199019E+02  0.170392E+01  0.395259E-01
  0.386683E+01  0.179362E+02  0.131343E+00  0.117916E-03  0.162511E-03 -0.418824E-04  0.145862E+02  0.151777E+02  0.145862E+02 -0.360064E-03  0.135308E+02  0.115914E+01  0.215167E-01
  0.482908E+01  0.121635E+02  0.890754E-01  0.513008E-04  0.162269E-03  0.131259E-03  0.989172E+01  0.102929E+02  0.989174E+01 -0.244180E-03  0.917228E+01  0.786149E+00  0.116789E-01
  0.603079E+01  0.822632E+01  0.602210E-01  0.222573E-04 -0.914394E-04 -0.607060E-04  0.668985E+01  0.696115E+01  0.668985E+01 -0.165141E-03  0.620105E+01  0.531713E+00  0.632211E-02
  0.753155E+01  0.554964E+01  0.406293E-01  0.963197E-05 -0.398988E-04 -0.428631E-04  0.451311E+01  0.469613E+01  0.451311E+01 -0.111407E-03  0.418200E+01  0.358720E+00  0.341394E-02
  0.940577E+01  0.373531E+01  0.273474E-01  0.415855E-05 -0.152947E-04 -0.285379E-04  0.303765E+01  0.316084E+01  0.303765E+01 -0.749850E-04  0.281396E+01  0.241452E+00  0.183936E-02
  0.117464E+02  0.250881E+01  0.183668E-01  0.179157E-05 -0.800599E-05 -0.163134E-04  0.204023E+01  0.212297E+01  0.204023E+01 -0.503635E-04  0.188949E+01  0.162174E+00  0.988943E-03
  0.146695E+02  0.168175E+01  0.123121E-01  0.770304E-06 -0.354232E-05 -0.573227E-06  0.136764E+01  0.142311E+01  0.136764E+01 -0.337606E-04  0.126629E+01  0.108713E+00  0.530688E-03
  0.183199E+02  0.112530E+01  0.823860E-02  0.330592E-06 -0.139740E-05 -0.349963E-06  0.915125E+00  0.952237E+00  0.915125E+00 -0.225901E-04  0.847117E+00  0.727435E-01  0.284270E-03
  0.228788E+02  0.751707E+00  0.550361E-02  0.141639E-06 -0.141941E-05 -0.155380E-05  0.611308E+00  0.636098E+00  0.611308E+00 -0.150903E-04  0.565762E+00  0.485932E-01  0.152021E-03
  0.285722E+02  0.501362E+00  0.367080E-02  0.605880E-07  0.151055E-06 -0.735985E-06  0.407720E+00  0.424255E+00  0.407720E+00 -0.100647E-04  0.377272E+00  0.324099E-01  0.811719E-04
  0.356824E+02  0.333906E+00  0.244479E-02  0.258791E-07 -0.332582E-06 -0.202962E-06  0.271541E+00  0.282552E+00  0.271541E+00 -0.670303E-05  0.251218E+00  0.215847E-01  0.432798E-04
  0.445619E+02  0.222079E+00  0.162605E-02  0.110386E-07  0.473196E-07  0.102103E-06  0.180601E+00  0.187925E+00  0.180601E+00 -0.445816E-05  0.167057E+00  0.143557E-01  0.230454E-04
  0.556510E+02  0.147517E+00  0.108013E-02  0.470238E-08 -0.131714E-06 -0.723417E-07  0.119965E+00  0.124830E+00  0.119965E+00 -0.296136E-05  0.110952E+00  0.953553E-02  0.122557E-04
  0.694997E+02  0.978734E-01  0.716621E-03  0.200076E-08 -0.203255E-07  0.363308E-07  0.795931E-01  0.828209E-01  0.795931E-01 -0.196477E-05  0.736030E-01  0.632619E-02  0.651007E-05
  0.867947E+02  0.648639E-01  0.474915E-03  0.850317E-09 -0.341405E-07 -0.294358E-07  0.527490E-01  0.548882E-01  0.527490E-01 -0.130212E-05  0.487727E-01  0.419221E-02  0.345427E-05
  0.108393E+03  0.429427E-01  0.314393E-03  0.360993E-09 -0.169315E-07 -0.181971E-07  0.349221E-01  0.363383E-01  0.349221E-01 -0.862058E-06  0.322856E-01  0.277503E-02  0.183096E-05
  0.135367E+03  0.284020E-01  0.207913E-03  0.153098E-09  0.383814E-08  0.430391E-08  0.230972E-01  0.240339E-01  0.230972E-01 -0.570159E-06  0.213510E-01  0.183497E-02  0.969579E-06
  0.169053E+03  0.187675E-01  0.137357E-03  0.648620E-10 -0.220047E-08 -0.624705E-09  0.152622E-01  0.158811E-01  0.152622E-01 -0.376751E-06  0.141068E-01  0.121209E-02  0.512972E-06
  0.211122E+03  0.123904E-01  0.906544E-04  0.274534E-10 -0.144458E-08 -0.106707E-08  0.100762E-01  0.104848E-01  0.100762E-01 -0.248733E-06  0.931246E-02  0.799790E-03  0.271167E-06
  0.263659E+03  0.817348E-02  0.597699E-04  0.116094E-10  0.166422E-09  0.126005E-08  0.664688E-02  0.691643E-02  0.664688E-02 -0.164079E-06  0.614248E-02  0.527137E-03  0.143231E-06
  0.329270E+03  0.538753E-02  0.393646E-04  0.490345E-11 -0.126042E-09  0.183558E-09  0.438126E-02  0.455894E-02  0.438126E-02 -0.108152E-06  0.404843E-02  0.346995E-03  0.755999E-07
  0.411209E+03  0.354855E-02  0.258942E-04  0.206929E-11  0.944473E-10  0.199980E-09  0.288576E-02  0.300279E-02  0.288576E-02 -0.712355E-07  0.266631E-02  0.228073E-03  0.398765E-07
  0.513537E+03  0.233565E-02  0.170088E-04  0.872037E-12  0.516152E-10 -0.901509E-12  0.189940E-02  0.197642E-02  0.189940E-02 -0.468870E-07  0.175481E-02  0.149627E-03  0.210212E-07
  0.641331E+03  0.153630E-02  0.111521E-04  0.366917E-12  0.274319E-10 -0.109659E-09  0.124934E-02  0.130001E-02  0.124934E-02 -0.308403E-07  0.115416E-02  0.979171E-04  0.110760E-07
  0.800925E+03  0.100988E-02  0.729437E-05  0.154064E-12  0.142382E-10 -0.227346E-10  0.821242E-03  0.854546E-03  0.821242E-03 -0.202725E-07  0.758621E-03  0.638547E-04  0.583379E-08
  0.100023E+04  0.663435E-03  0.475499E-05  0.645373E-13 -0.583482E-11  0.223493E-10  0.539507E-03  0.561386E-03  0.539507E-03 -0.133178E-07  0.498338E-03  0.414316E-04  0.307206E-08
  0.124914E+04  0.435592E-03  0.308452E-05  0.269244E-13 -0.297466E-12 -0.134282E-10  0.354219E-03  0.368583E-03  0.354219E-03 -0.874396E-08  0.327171E-03  0.266814E-04  0.161779E-08
  0.155999E+04  0.285839E-03  0.198649E-05  0.111670E-13  0.296880E-12 -0.563437E-11  0.232436E-03  0.241862E-03  0.232436E-03 -0.573773E-08  0.214679E-03  0.169886E-04  0.852251E-09
  0.194819E+04  0.187472E-03  0.126557E-05  0.459846E-14 -0.484287E-12  0.584686E-12  0.152441E-03  0.158623E-03  0.152441E-03 -0.376305E-08  0.140791E-03  0.106314E-04  0.449314E-09
  0.243300E+04  0.122895E-03  0.793273E-06  0.186997E-14  0.843801E-13  0.108278E-11  0.999257E-04  0.103978E-03  0.999257E-04 -0.246669E-08  0.922882E-04  0.647869E-05  0.237191E-09
  0.303844E+04  0.805238E-04  0.485277E-06  0.746568E-15  0.997118E-14  0.221975E-11  0.654685E-04  0.681235E-04  0.654685E-04 -0.161610E-08  0.604655E-04  0.379029E-05  0.125443E-09
  0.379456E+04  0.527369E-04  0.286397E-06  0.291483E-15  0.667731E-13  0.220661E-11  0.428721E-04  0.446107E-04  0.428721E-04 -0.105831E-08  0.395977E-04  0.208324E-05  0.664877E-10
  0.473883E+04  0.345233E-04  0.160560E-06  0.112235E-15 -0.228963E-12 -0.396973E-12  0.280615E-04  0.291995E-04  0.280615E-04 -0.692705E-09  0.259203E-04  0.104157E-05  0.353070E-10
  0.591808E+04  0.225906E-04  0.839756E-07  0.407654E-16  0.640314E-13  0.101875E-11  0.183591E-04  0.191037E-04  0.183591E-04 -0.453199E-09  0.169600E-04  0.452613E-06  0.187586E-10
  0.739079E+04  0.147763E-04  0.403722E-07  0.155618E-16  0.669403E-13 -0.823239E-12  0.120064E-04  0.124933E-04  0.120064E-04 -0.296380E-09  0.110926E-04  0.161667E-06  0.994649E-11
  0.922998E+04  0.966131E-05  0.178628E-07  0.658687E-17 -0.165715E-13  0.650971E-12  0.784895E-05  0.816725E-05  0.784895E-05 -0.193753E-09  0.725224E-05  0.458847E-07  0.525072E-11
  0.115268E+05  0.631455E-05  0.748367E-08  0.257947E-17  0.250659E-13 -0.706570E-13  0.512938E-05  0.533740E-05  0.512938E-05 -0.126620E-09  0.473969E-05  0.116518E-07  0.275851E-11
  0.143953E+05  0.412565E-05  0.309562E-08  0.795398E-18 -0.221154E-13  0.462805E-12  0.335105E-05  0.348694E-05  0.335105E-05 -0.827212E-10  0.309652E-05  0.389307E-08  0.144481E-11
  0.179775E+05  0.269458E-05  0.129195E-08  0.646346E-18  0.792481E-14  0.311153E-12  0.218856E-05  0.227731E-05  0.218856E-05 -0.540249E-10  0.202231E-05  0.170933E-08  0.755883E-12
