    0.10000E-03    0.30529E-03
    0.10202E-03    0.31124E-03
    0.10408E-03    0.31730E-03
    0.10618E-03    0.32349E-03
    0.10833E-03    0.32979E-03
    0.11052E-03    0.33622E-03
    0.11275E-03    0.34277E-03
    0.11503E-03    0.34945E-03
    0.11735E-03    0.35626E-03
    0.11972E-03    0.36320E-03
    0.12214E-03    0.37028E-03
    0.12461E-03    0.37749E-03
    0.12712E-03    0.38485E-03
    0.12969E-03    0.39235E-03
    0.13231E-03    0.39999E-03
    0.13499E-03    0.40779E-03
    0.13771E-03    0.41574E-03
    0.14049E-03    0.42384E-03
    0.14333E-03    0.43210E-03
    0.14623E-03    0.44052E-03
    0.14918E-03    0.44910E-03
    0.15220E-03    0.45785E-03
    0.15527E-03    0.46677E-03
    0.15841E-03    0.47587E-03
    0.16161E-03    0.48514E-03
    0.16487E-03    0.49460E-03
    0.16820E-03    0.50423E-03
    0.17160E-03    0.51406E-03
    0.17507E-03    0.52408E-03
    0.17860E-03    0.53429E-03
    0.18221E-03    0.54470E-03
    0.18589E-03    0.55531E-03
    0.18965E-03    0.56614E-03
    0.19348E-03    0.57717E-03
    0.19739E-03    0.58841E-03
    0.20138E-03    0.59988E-03
    0.20544E-03    0.61157E-03
    0.20959E-03    0.62349E-03
    0.21383E-03    0.63563E-03
    0.21815E-03    0.64802E-03
    0.22255E-03    0.66065E-03
    0.22705E-03    0.67352E-03
    0.23164E-03    0.68664E-03
    0.23632E-03    0.70002E-03
    0.24109E-03    0.71366E-03
    0.24596E-03    0.72757E-03
    0.25093E-03    0.74175E-03
    0.25600E-03    0.75620E-03
    0.26117E-03    0.77093E-03
    0.26645E-03    0.78595E-03
    0.27183E-03    0.80127E-03
    0.27732E-03    0.81688E-03
    0.28292E-03    0.83280E-03
    0.28864E-03    0.84902E-03
    0.29447E-03    0.86556E-03
    0.30042E-03    0.88243E-03
    0.30649E-03    0.89962E-03
    0.31268E-03    0.91715E-03
    0.31899E-03    0.93502E-03
    0.32544E-03    0.95324E-03
    0.33201E-03    0.97181E-03
    0.33872E-03    0.99074E-03
    0.34556E-03    0.10100E-02
    0.35254E-03    0.10297E-02
    0.35966E-03    0.10498E-02
    0.36693E-03    0.10702E-02
    0.37434E-03    0.10911E-02
    0.38190E-03    0.11123E-02
    0.38962E-03    0.11340E-02
    0.39749E-03    0.11561E-02
    0.40552E-03    0.11786E-02
    0.41371E-03    0.12016E-02
    0.42207E-03    0.12250E-02
    0.43060E-03    0.12489E-02
    0.43929E-03    0.12732E-02
    0.44817E-03    0.12980E-02
    0.45722E-03    0.13233E-02
    0.46646E-03    0.13490E-02
    0.47588E-03    0.13753E-02
    0.48550E-03    0.14021E-02
    0.49530E-03    0.14294E-02
    0.50531E-03    0.14573E-02
    0.51552E-03    0.14856E-02
    0.52593E-03    0.15146E-02
    0.53656E-03    0.15441E-02
    0.54739E-03    0.15741E-02
    0.55845E-03    0.16048E-02
    0.56973E-03    0.16361E-02
    0.58124E-03    0.16679E-02
    0.59299E-03    0.17004E-02
    0.60496E-03    0.17335E-02
    0.61719E-03    0.17673E-02
    0.62965E-03    0.18017E-02
    0.64237E-03    0.18368E-02
    0.65535E-03    0.18725E-02
    0.66859E-03    0.19090E-02
    0.68210E-03    0.19461E-02
    0.69588E-03    0.19840E-02
    0.70993E-03    0.20226E-02
    0.72427E-03    0.20620E-02
    0.73891E-03    0.21022E-02
    0.75383E-03    0.21431E-02
    0.76906E-03    0.21848E-02
    0.78460E-03    0.22273E-02
    0.80045E-03    0.22707E-02
    0.81662E-03    0.23148E-02
    0.83311E-03    0.23599E-02
    0.84994E-03    0.24058E-02
    0.86711E-03    0.24526E-02
    0.88463E-03    0.25003E-02
    0.90250E-03    0.25490E-02
    0.92073E-03    0.25986E-02
    0.93933E-03    0.26491E-02
    0.95831E-03    0.27006E-02
    0.97767E-03    0.27532E-02
    0.99742E-03    0.28067E-02
    0.10176E-02    0.28613E-02
    0.10381E-02    0.29169E-02
    0.10591E-02    0.29736E-02
    0.10805E-02    0.30314E-02
    0.11023E-02    0.30904E-02
    0.11246E-02    0.31504E-02
    0.11473E-02    0.32117E-02
    0.11705E-02    0.32741E-02
    0.11941E-02    0.33377E-02
    0.12182E-02    0.34025E-02
    0.12429E-02    0.34686E-02
    0.12680E-02    0.35360E-02
    0.12936E-02    0.36047E-02
    0.13197E-02    0.36747E-02
    0.13464E-02    0.37460E-02
    0.13736E-02    0.38187E-02
    0.14013E-02    0.38928E-02
    0.14296E-02    0.39684E-02
    0.14585E-02    0.40454E-02
    0.14880E-02    0.41238E-02
    0.15180E-02    0.42038E-02
    0.15487E-02    0.42853E-02
    0.15800E-02    0.43684E-02
    0.16119E-02    0.44531E-02
    0.16445E-02    0.45394E-02
    0.16777E-02    0.46273E-02
    0.17116E-02    0.47169E-02
    0.17462E-02    0.48083E-02
    0.17814E-02    0.49014E-02
    0.18174E-02    0.49962E-02
    0.18541E-02    0.50929E-02
    0.18916E-02    0.51914E-02
    0.19298E-02    0.52918E-02
    0.19688E-02    0.53941E-02
    0.20086E-02    0.54984E-02
    0.20491E-02    0.56046E-02
    0.20905E-02    0.57128E-02
    0.21328E-02    0.58231E-02
    0.21758E-02    0.59355E-02
    0.22198E-02    0.60500E-02
    0.22646E-02    0.61666E-02
    0.23104E-02    0.62855E-02
    0.23571E-02    0.64065E-02
    0.24047E-02    0.65299E-02
    0.24533E-02    0.66556E-02
    0.25028E-02    0.67836E-02
    0.25534E-02    0.69140E-02
    0.26050E-02    0.70468E-02
    0.26576E-02    0.71822E-02
    0.27113E-02    0.73200E-02
    0.27660E-02    0.74604E-02
    0.28219E-02    0.76034E-02
    0.28789E-02    0.77490E-02
    0.29371E-02    0.78974E-02
    0.29964E-02    0.80484E-02
    0.30569E-02    0.82023E-02
    0.31187E-02    0.83589E-02
    0.31817E-02    0.85184E-02
    0.32460E-02    0.86808E-02
    0.33115E-02    0.88462E-02
    0.33784E-02    0.90145E-02
    0.34467E-02    0.91859E-02
    0.35163E-02    0.93604E-02
    0.35874E-02    0.95379E-02
    0.36598E-02    0.97187E-02
    0.37338E-02    0.99026E-02
    0.38092E-02    0.10090E-01
    0.38861E-02    0.10280E-01
    0.39646E-02    0.10474E-01
    0.40447E-02    0.10671E-01
    0.41264E-02    0.10872E-01
    0.42098E-02    0.11076E-01
    0.42948E-02    0.11284E-01
    0.43816E-02    0.11495E-01
    0.44701E-02    0.11710E-01
    0.45604E-02    0.11929E-01
    0.46525E-02    0.12151E-01
    0.47465E-02    0.12377E-01
    0.48424E-02    0.12606E-01
    0.49402E-02    0.12840E-01
    0.50400E-02    0.13077E-01
    0.51419E-02    0.13318E-01
    0.52457E-02    0.13563E-01
    0.53517E-02    0.13812E-01
    0.54598E-02    0.14064E-01
    0.55701E-02    0.14321E-01
    0.56826E-02    0.14582E-01
    0.57974E-02    0.14847E-01
    0.59145E-02    0.15115E-01
    0.60340E-02    0.15388E-01
    0.61559E-02    0.15665E-01
    0.62803E-02    0.15946E-01
    0.64072E-02    0.16230E-01
    0.65366E-02    0.16519E-01
    0.66686E-02    0.16812E-01
    0.68033E-02    0.17109E-01
    0.69408E-02    0.17410E-01
    0.70810E-02    0.17715E-01
    0.72240E-02    0.18024E-01
    0.73700E-02    0.18336E-01
    0.75189E-02    0.18653E-01
    0.76708E-02    0.18973E-01
    0.78257E-02    0.19298E-01
    0.79838E-02    0.19626E-01
    0.81451E-02    0.19957E-01
    0.83096E-02    0.20292E-01
    0.84775E-02    0.20631E-01
    0.86488E-02    0.20973E-01
    0.88235E-02    0.21318E-01
    0.90017E-02    0.21666E-01
    0.91836E-02    0.22018E-01
    0.93691E-02    0.22372E-01
    0.95583E-02    0.22729E-01
    0.97514E-02    0.23088E-01
    0.99484E-02    0.23450E-01
    0.10149E-01    0.23814E-01
    0.10354E-01    0.24180E-01
    0.10564E-01    0.24548E-01
    0.10777E-01    0.24918E-01
    0.10995E-01    0.25288E-01
    0.11217E-01    0.25660E-01
    0.11443E-01    0.26033E-01
    0.11675E-01    0.26406E-01
    0.11910E-01    0.26779E-01
    0.12151E-01    0.27152E-01
    0.12397E-01    0.27524E-01
    0.12647E-01    0.27896E-01
    0.12902E-01    0.28266E-01
    0.13163E-01    0.28635E-01
    0.13429E-01    0.29001E-01
    0.13700E-01    0.29365E-01
    0.13977E-01    0.29726E-01
    0.14259E-01    0.30083E-01
    0.14547E-01    0.30437E-01
    0.14841E-01    0.30786E-01
    0.15141E-01    0.31130E-01
    0.15447E-01    0.31468E-01
    0.15759E-01    0.31801E-01
    0.16077E-01    0.32126E-01
    0.16402E-01    0.32445E-01
    0.16734E-01    0.32755E-01
    0.17072E-01    0.33057E-01
    0.17416E-01    0.33350E-01
    0.17768E-01    0.33633E-01
    0.18127E-01    0.33906E-01
    0.18493E-01    0.34167E-01
    0.18867E-01    0.34417E-01
    0.19248E-01    0.34655E-01
    0.19637E-01    0.34879E-01
    0.20034E-01    0.35090E-01
    0.20438E-01    0.35286E-01
    0.20851E-01    0.35468E-01
    0.21272E-01    0.35634E-01
    0.21702E-01    0.35784E-01
    0.22141E-01    0.35917E-01
    0.22588E-01    0.36033E-01
    0.23044E-01    0.36131E-01
    0.23510E-01    0.36211E-01
    0.23985E-01    0.36272E-01
    0.24469E-01    0.36314E-01
    0.24964E-01    0.36336E-01
    0.25468E-01    0.36339E-01
    0.25982E-01    0.36321E-01
    0.26507E-01    0.36283E-01
    0.27043E-01    0.36224E-01
    0.27589E-01    0.36145E-01
    0.28146E-01    0.36045E-01
    0.28715E-01    0.35925E-01
    0.29295E-01    0.35784E-01
    0.29887E-01    0.35622E-01
    0.30490E-01    0.35441E-01
    0.31106E-01    0.35239E-01
    0.31735E-01    0.35018E-01
    0.32376E-01    0.34778E-01
    0.33030E-01    0.34519E-01
    0.33697E-01    0.34242E-01
    0.34378E-01    0.33948E-01
    0.35072E-01    0.33637E-01
    0.35781E-01    0.33310E-01
    0.36504E-01    0.32968E-01
    0.37241E-01    0.32611E-01
    0.37993E-01    0.32242E-01
    0.38761E-01    0.31860E-01
    0.39544E-01    0.31467E-01
    0.40343E-01    0.31063E-01
    0.41158E-01    0.30651E-01
    0.41989E-01    0.30230E-01
    0.42838E-01    0.29803E-01
    0.43703E-01    0.29369E-01
    0.44586E-01    0.28931E-01
    0.45486E-01    0.28490E-01
    0.46405E-01    0.28047E-01
    0.47343E-01    0.27602E-01
    0.48299E-01    0.27158E-01
    0.49275E-01    0.26715E-01
    0.50270E-01    0.26274E-01
    0.51286E-01    0.25837E-01
    0.52322E-01    0.25405E-01
    0.53379E-01    0.24978E-01
    0.54457E-01    0.24557E-01
    0.55557E-01    0.24144E-01
    0.56680E-01    0.23739E-01
    0.57825E-01    0.23342E-01
    0.58993E-01    0.22953E-01
    0.60184E-01    0.22575E-01
    0.61400E-01    0.22205E-01
    0.62641E-01    0.21844E-01
    0.63906E-01    0.21492E-01
    0.65197E-01    0.21147E-01
    0.66514E-01    0.20810E-01
    0.67858E-01    0.20479E-01
    0.69229E-01    0.20153E-01
    0.70627E-01    0.19830E-01
    0.72054E-01    0.19508E-01
    0.73510E-01    0.19185E-01
    0.74994E-01    0.18861E-01
    0.76509E-01    0.18531E-01
    0.78055E-01    0.18196E-01
    0.79632E-01    0.17852E-01
    0.81241E-01    0.17498E-01
    0.82882E-01    0.17134E-01
    0.84556E-01    0.16758E-01
    0.86264E-01    0.16371E-01
    0.88007E-01    0.15972E-01
    0.89785E-01    0.15562E-01
    0.91598E-01    0.15143E-01
    0.93449E-01    0.14717E-01
    0.95337E-01    0.14286E-01
    0.97263E-01    0.13852E-01
    0.99227E-01    0.13420E-01
    0.10123E+00    0.12991E-01
    0.10328E+00    0.12568E-01
    0.10536E+00    0.12156E-01
    0.10749E+00    0.11757E-01
    0.10966E+00    0.11372E-01
    0.11188E+00    0.11005E-01
    0.11414E+00    0.10657E-01
    0.11644E+00    0.10328E-01
    0.11880E+00    0.10020E-01
    0.12120E+00    0.97319E-02
    0.12365E+00    0.94630E-02
    0.12614E+00    0.92119E-02
    0.12869E+00    0.89762E-02
    0.13129E+00    0.87531E-02
    0.13394E+00    0.85393E-02
    0.13665E+00    0.83309E-02
    0.13941E+00    0.81242E-02
    0.14223E+00    0.79157E-02
    0.14510E+00    0.77023E-02
    0.14803E+00    0.74821E-02
    0.15102E+00    0.72543E-02
    0.15407E+00    0.70192E-02
    0.15718E+00    0.67785E-02
    0.16036E+00    0.65349E-02
    0.16360E+00    0.62920E-02
    0.16690E+00    0.60532E-02
    0.17028E+00    0.58223E-02
    0.17371E+00    0.56023E-02
    0.17722E+00    0.53958E-02
    0.18080E+00    0.52040E-02
    0.18446E+00    0.50273E-02
    0.18818E+00    0.48651E-02
    0.19198E+00    0.47154E-02
    0.19586E+00    0.45753E-02
    0.19982E+00    0.44412E-02
    0.20386E+00    0.43094E-02
    0.20797E+00    0.41765E-02
    0.21218E+00    0.40402E-02
    0.21646E+00    0.38997E-02
    0.22083E+00    0.37558E-02
    0.22530E+00    0.36108E-02
    0.22985E+00    0.34676E-02
    0.23449E+00    0.33291E-02
    0.23923E+00    0.31978E-02
    0.24406E+00    0.30754E-02
    0.24899E+00    0.29625E-02
    0.25402E+00    0.28585E-02
    0.25915E+00    0.27619E-02
    0.26439E+00    0.26700E-02
    0.26973E+00    0.25798E-02
    0.27518E+00    0.24895E-02
    0.28074E+00    0.23976E-02
    0.28641E+00    0.23049E-02
    0.29219E+00    0.22129E-02
    0.29810E+00    0.21234E-02
    0.30412E+00    0.20381E-02
    0.31026E+00    0.19580E-02
    0.31653E+00    0.18835E-02
    0.32292E+00    0.18138E-02
    0.32945E+00    0.17477E-02
    0.33610E+00    0.16833E-02
    0.34289E+00    0.16193E-02
    0.34982E+00    0.15557E-02
    0.35689E+00    0.14931E-02
    0.36409E+00    0.14323E-02
    0.37145E+00    0.13741E-02
    0.37895E+00    0.13192E-02
    0.38661E+00    0.12676E-02
    0.39442E+00    0.12184E-02
    0.40239E+00    0.11709E-02
    0.41052E+00    0.11244E-02
    0.41881E+00    0.10788E-02
    0.42727E+00    0.10345E-02
    0.43590E+00    0.99191E-03
    0.44471E+00    0.95136E-03
    0.45369E+00    0.91289E-03
    0.46286E+00    0.87602E-03
    0.47221E+00    0.84042E-03
    0.48174E+00    0.80591E-03
    0.49148E+00    0.77249E-03
    0.50141E+00    0.74031E-03
    0.51153E+00    0.70949E-03
    0.52187E+00    0.68003E-03
    0.53241E+00    0.65183E-03
    0.54317E+00    0.62467E-03
    0.55414E+00    0.59846E-03
    0.56533E+00    0.57322E-03
    0.57675E+00    0.54899E-03
    0.58840E+00    0.52579E-03
    0.60029E+00    0.50355E-03
    0.61242E+00    0.48218E-03
    0.62479E+00    0.46163E-03
    0.63741E+00    0.44190E-03
    0.65029E+00    0.42298E-03
    0.66342E+00    0.40482E-03
    0.67683E+00    0.38741E-03
    0.69050E+00    0.37070E-03
    0.70445E+00    0.35468E-03
    0.71868E+00    0.33932E-03
    0.73320E+00    0.32459E-03
    0.74801E+00    0.31047E-03
    0.76312E+00    0.29693E-03
    0.77854E+00    0.28396E-03
    0.79426E+00    0.27152E-03
    0.81031E+00    0.25961E-03
    0.82668E+00    0.24819E-03
    0.84338E+00    0.23725E-03
    0.86041E+00    0.22677E-03
    0.87780E+00    0.21673E-03
    0.89553E+00    0.20712E-03
    0.91362E+00    0.19792E-03
    0.93208E+00    0.18910E-03
    0.95091E+00    0.18067E-03
    0.97011E+00    0.17259E-03
    0.98971E+00    0.16486E-03
    0.10097E+01    0.15746E-03
    0.10301E+01    0.15038E-03
    0.10509E+01    0.14361E-03
    0.10721E+01    0.13713E-03
    0.10938E+01    0.13093E-03
    0.11159E+01    0.12500E-03
    0.11384E+01    0.11933E-03
    0.11614E+01    0.11391E-03
    0.11849E+01    0.10873E-03
    0.12088E+01    0.10377E-03
    0.12333E+01    0.99029E-04
    0.12582E+01    0.94499E-04
    0.12836E+01    0.90169E-04
    0.13095E+01    0.86030E-04
    0.13360E+01    0.82075E-04
    0.13630E+01    0.78296E-04
    0.13905E+01    0.74685E-04
    0.14186E+01    0.71235E-04
    0.14472E+01    0.67940E-04
    0.14765E+01    0.64792E-04
    0.15063E+01    0.61785E-04
    0.15367E+01    0.58914E-04
    0.15678E+01    0.56172E-04
    0.15994E+01    0.53554E-04
    0.16318E+01    0.51055E-04
    0.16647E+01    0.48668E-04
    0.16984E+01    0.46390E-04
    0.17327E+01    0.44216E-04
    0.17677E+01    0.42141E-04
    0.18034E+01    0.40160E-04
    0.18398E+01    0.38270E-04
    0.18770E+01    0.36466E-04
    0.19149E+01    0.34745E-04
    0.19536E+01    0.33104E-04
    0.19930E+01    0.31537E-04
    0.20333E+01    0.30043E-04
    0.20744E+01    0.28618E-04
    0.21163E+01    0.27259E-04
    0.21590E+01    0.25962E-04
    0.22026E+01    0.24726E-04
    0.22471E+01    0.23547E-04
    0.22925E+01    0.22424E-04
    0.23388E+01    0.21352E-04
    0.23861E+01    0.20330E-04
    0.24343E+01    0.19356E-04
    0.24835E+01    0.18428E-04
    0.25336E+01    0.17543E-04
    0.25848E+01    0.16700E-04
    0.26370E+01    0.15896E-04
    0.26903E+01    0.15131E-04
    0.27447E+01    0.14401E-04
    0.28001E+01    0.13706E-04
    0.28567E+01    0.13043E-04
    0.29144E+01    0.12412E-04
    0.29733E+01    0.11811E-04
    0.30333E+01    0.11238E-04
    0.30946E+01    0.10693E-04
    0.31571E+01    0.10173E-04
    0.32209E+01    0.96782E-05
    0.32860E+01    0.92070E-05
    0.33523E+01    0.87582E-05
    0.34201E+01    0.83309E-05
    0.34892E+01    0.79241E-05
    0.35596E+01    0.75367E-05
    0.36316E+01    0.71679E-05
    0.37049E+01    0.68169E-05
    0.37798E+01    0.64827E-05
    0.38561E+01    0.61645E-05
    0.39340E+01    0.58618E-05
    0.40135E+01    0.55736E-05
    0.40946E+01    0.52993E-05
    0.41773E+01    0.50383E-05
    0.42617E+01    0.47899E-05
    0.43478E+01    0.45536E-05
    0.44356E+01    0.43287E-05
    0.45252E+01    0.41147E-05
    0.46166E+01    0.39112E-05
    0.47099E+01    0.37175E-05
    0.48050E+01    0.35333E-05
    0.49021E+01    0.33580E-05
    0.50011E+01    0.31913E-05
    0.51021E+01    0.30328E-05
    0.52052E+01    0.28820E-05
    0.53104E+01    0.27386E-05
    0.54176E+01    0.26022E-05
    0.55271E+01    0.24725E-05
    0.56387E+01    0.23491E-05
    0.57526E+01    0.22318E-05
    0.58689E+01    0.21203E-05
    0.59874E+01    0.20143E-05
    0.61084E+01    0.19135E-05
    0.62318E+01    0.18177E-05
    0.63577E+01    0.17266E-05
    0.64861E+01    0.16400E-05
    0.66171E+01    0.15577E-05
    0.67508E+01    0.14794E-05
    0.68872E+01    0.14051E-05
    0.70263E+01    0.13344E-05
    0.71682E+01    0.12672E-05
    0.73130E+01    0.12034E-05
    0.74608E+01    0.11427E-05
    0.76115E+01    0.10851E-05
    0.77653E+01    0.10303E-05
    0.79221E+01    0.97826E-06
    0.80822E+01    0.92881E-06
    0.82454E+01    0.88182E-06
    0.84120E+01    0.83719E-06
    0.85819E+01    0.79478E-06
    0.87553E+01    0.75449E-06
    0.89322E+01    0.71623E-06
    0.91126E+01    0.67988E-06
    0.92967E+01    0.64535E-06
    0.94845E+01    0.61255E-06
    0.96761E+01    0.58140E-06
    0.98716E+01    0.55182E-06
    0.10071E+02    0.52372E-06
    0.10274E+02    0.49704E-06
    0.10482E+02    0.47170E-06
    0.10694E+02    0.44764E-06
    0.10910E+02    0.42479E-06
    0.11130E+02    0.40310E-06
    0.11355E+02    0.38250E-06
    0.11584E+02    0.36294E-06
    0.11818E+02    0.34437E-06
    0.12057E+02    0.32674E-06
    0.12301E+02    0.31001E-06
    0.12549E+02    0.29412E-06
    0.12803E+02    0.27903E-06
    0.13061E+02    0.26472E-06
    0.13325E+02    0.25113E-06
    0.13594E+02    0.23823E-06
    0.13869E+02    0.22598E-06
    0.14149E+02    0.21436E-06
    0.14435E+02    0.20333E-06
    0.14727E+02    0.19286E-06
    0.15024E+02    0.18293E-06
    0.15328E+02    0.17350E-06
    0.15637E+02    0.16456E-06
    0.15953E+02    0.15607E-06
    0.16275E+02    0.14801E-06
    0.16604E+02    0.14037E-06
    0.16940E+02    0.13311E-06
    0.17282E+02    0.12623E-06
    0.17631E+02    0.11970E-06
    0.17987E+02    0.11351E-06
    0.18351E+02    0.10763E-06
    0.18721E+02    0.10206E-06
    0.19099E+02    0.96767E-07
    0.19485E+02    0.91749E-07
    0.19879E+02    0.86989E-07
    0.20280E+02    0.82474E-07
    0.20690E+02    0.78192E-07
    0.21108E+02    0.74129E-07
    0.21535E+02    0.70276E-07
    0.21970E+02    0.66622E-07
    0.22413E+02    0.63156E-07
    0.22866E+02    0.59869E-07
    0.23328E+02    0.56751E-07
    0.23799E+02    0.53794E-07
    0.24280E+02    0.50991E-07
    0.24771E+02    0.48332E-07
    0.25271E+02    0.45810E-07
    0.25782E+02    0.43419E-07
    0.26302E+02    0.41152E-07
    0.26834E+02    0.39003E-07
    0.27376E+02    0.36964E-07
    0.27929E+02    0.35032E-07
    0.28493E+02    0.33200E-07
    0.29069E+02    0.31462E-07
    0.29656E+02    0.29815E-07
    0.30255E+02    0.28254E-07
    0.30866E+02    0.26774E-07
    0.31490E+02    0.25370E-07
    0.32126E+02    0.24040E-07
    0.32775E+02    0.22779E-07
    0.33437E+02    0.21583E-07
    0.34112E+02    0.20450E-07
    0.34801E+02    0.19376E-07
    0.35504E+02    0.18358E-07
    0.36222E+02    0.17393E-07
    0.36953E+02    0.16479E-07
    0.37700E+02    0.15612E-07
    0.38462E+02    0.14790E-07
    0.39239E+02    0.14012E-07
    0.40031E+02    0.13274E-07
    0.40840E+02    0.12574E-07
    0.41665E+02    0.11912E-07
    0.42507E+02    0.11284E-07
    0.43365E+02    0.10688E-07
    0.44241E+02    0.10124E-07
    0.45135E+02    0.95900E-08
    0.46047E+02    0.90837E-08
    0.46977E+02    0.86038E-08
    0.47926E+02    0.81492E-08
    0.48894E+02    0.77184E-08
    0.49882E+02    0.73103E-08
    0.50890E+02    0.69236E-08
    0.51918E+02    0.65572E-08
    0.52966E+02    0.62101E-08
    0.54036E+02    0.58813E-08
    0.55128E+02    0.55697E-08
    0.56242E+02    0.52746E-08
    0.57378E+02    0.49950E-08
    0.58537E+02    0.47301E-08
    0.59720E+02    0.44792E-08
    0.60926E+02    0.42416E-08
    0.62157E+02    0.40164E-08
    0.63412E+02    0.38032E-08
    0.64693E+02    0.36012E-08
    0.66000E+02    0.34098E-08
    0.67334E+02    0.32286E-08
    0.68694E+02    0.30569E-08
    0.70082E+02    0.28944E-08
    0.71497E+02    0.27404E-08
    0.72942E+02    0.25945E-08
    0.74415E+02    0.24564E-08
    0.75918E+02    0.23256E-08
    0.77452E+02    0.22017E-08
    0.79017E+02    0.20844E-08
    0.80613E+02    0.19733E-08
    0.82241E+02    0.18681E-08
    0.83903E+02    0.17685E-08
    0.85598E+02    0.16741E-08
    0.87327E+02    0.15848E-08
    0.89091E+02    0.15002E-08
    0.90891E+02    0.14201E-08
    0.92727E+02    0.13442E-08
    0.94600E+02    0.12724E-08
    0.96511E+02    0.12044E-08
    0.98461E+02    0.11400E-08
    0.10045E+03    0.10791E-08
    0.10248E+03    0.10214E-08
    0.10455E+03    0.96670E-09
    0.10666E+03    0.91497E-09
    0.10882E+03    0.86598E-09
    0.11101E+03    0.81961E-09
    0.11326E+03    0.77571E-09
    0.11554E+03    0.73414E-09
    0.11788E+03    0.69480E-09
    0.12026E+03    0.65755E-09
    0.12269E+03    0.62229E-09
    0.12517E+03    0.58891E-09
    0.12770E+03    0.55731E-09
    0.13028E+03    0.52740E-09
    0.13291E+03    0.49909E-09
    0.13559E+03    0.47229E-09
    0.13833E+03    0.44692E-09
    0.14113E+03    0.42291E-09
    0.14398E+03    0.40019E-09
    0.14689E+03    0.37867E-09
    0.14985E+03    0.35831E-09
    0.15288E+03    0.33904E-09
    0.15597E+03    0.32081E-09
    0.15912E+03    0.30354E-09
    0.16233E+03    0.28721E-09
    0.16561E+03    0.27175E-09
    0.16896E+03    0.25711E-09
    0.17237E+03    0.24326E-09
    0.17585E+03    0.23016E-09
    0.17941E+03    0.21776E-09
    0.18303E+03    0.20602E-09
    0.18673E+03    0.19491E-09
    0.19050E+03    0.18440E-09
    0.19435E+03    0.17445E-09
    0.19828E+03    0.16504E-09
    0.20228E+03    0.15613E-09
    0.20637E+03    0.14771E-09
    0.21054E+03    0.13973E-09
    0.21479E+03    0.13219E-09
    0.21913E+03    0.12504E-09
    0.22356E+03    0.11829E-09
    0.22807E+03    0.11190E-09
    0.23268E+03    0.10585E-09
    0.23738E+03    0.10012E-09
    0.24217E+03    0.94710E-10
    0.24707E+03    0.89587E-10
    0.25206E+03    0.84740E-10
    0.25715E+03    0.80155E-10
    0.26234E+03    0.75816E-10
    0.26764E+03    0.71711E-10
    0.27305E+03    0.67828E-10
    0.27857E+03    0.64154E-10
    0.28419E+03    0.60679E-10
    0.28994E+03    0.57391E-10
    0.29579E+03    0.54280E-10
    0.30177E+03    0.51338E-10
    0.30786E+03    0.48554E-10
    0.31408E+03    0.45921E-10
    0.32043E+03    0.43430E-10
    0.32690E+03    0.41074E-10
    0.33351E+03    0.38845E-10
    0.34024E+03    0.36736E-10
    0.34712E+03    0.34742E-10
    0.35413E+03    0.32855E-10
    0.36128E+03    0.31071E-10
    0.36858E+03    0.29383E-10
    0.37603E+03    0.27787E-10
    0.38362E+03    0.26276E-10
    0.39137E+03    0.24848E-10
    0.39928E+03    0.23497E-10
    0.40734E+03    0.22220E-10
    0.41557E+03    0.21011E-10
    0.42397E+03    0.19868E-10
    0.43253E+03    0.18787E-10
    0.44127E+03    0.17765E-10
    0.45019E+03    0.16798E-10
    0.45928E+03    0.15883E-10
    0.46856E+03    0.15018E-10
    0.47802E+03    0.14200E-10
    0.48768E+03    0.13427E-10
    0.49753E+03    0.12695E-10
    0.50758E+03    0.12004E-10
    0.51784E+03    0.11349E-10
    0.52830E+03    0.10731E-10
    0.53897E+03    0.10145E-10
    0.54986E+03    0.95922E-11
    0.56097E+03    0.90690E-11
    0.57230E+03    0.85743E-11
    0.58386E+03    0.81064E-11
    0.59565E+03    0.76640E-11
    0.60769E+03    0.72457E-11
    0.61996E+03    0.68501E-11
    0.63249E+03    0.64761E-11
    0.64526E+03    0.61224E-11
    0.65830E+03    0.57880E-11
    0.67160E+03    0.54717E-11
    0.68516E+03    0.51727E-11
    0.69901E+03    0.48900E-11
    0.71313E+03    0.46227E-11
    0.72753E+03    0.43700E-11
    0.74223E+03    0.41311E-11
    0.75722E+03    0.39051E-11
    0.77252E+03    0.36915E-11
    0.78813E+03    0.34896E-11
    0.80405E+03    0.32986E-11
    0.82029E+03    0.31181E-11
    0.83686E+03    0.29474E-11
    0.85377E+03    0.27861E-11
    0.87101E+03    0.26335E-11
    0.88861E+03    0.24893E-11
    0.90656E+03    0.23529E-11
    0.92488E+03    0.22240E-11
    0.94356E+03    0.21022E-11
    0.96262E+03    0.19870E-11
    0.98207E+03    0.18781E-11
    0.10019E+04    0.17751E-11
    0.10221E+04    0.16778E-11
    0.10428E+04    0.15858E-11
    0.10639E+04    0.14988E-11
    0.10854E+04    0.14166E-11
    0.11073E+04    0.13389E-11
    0.11296E+04    0.12654E-11
    0.11525E+04    0.11960E-11
    0.11757E+04    0.11303E-11
    0.11995E+04    0.10683E-11
    0.12237E+04    0.10096E-11
    0.12485E+04    0.95418E-12
    0.12737E+04    0.90177E-12
    0.12994E+04    0.85224E-12
    0.13257E+04    0.80541E-12
    0.13524E+04    0.76116E-12
    0.13798E+04    0.71933E-12
    0.14076E+04    0.67979E-12
    0.14361E+04    0.64242E-12
    0.14651E+04    0.60710E-12
    0.14947E+04    0.57371E-12
    0.15249E+04    0.54216E-12
    0.15557E+04    0.51234E-12
    0.15871E+04    0.48415E-12
    0.16192E+04    0.45751E-12
    0.16519E+04    0.43233E-12
    0.16852E+04    0.40854E-12
    0.17193E+04    0.38605E-12
    0.17540E+04    0.36480E-12
    0.17894E+04    0.34471E-12
    0.18256E+04    0.32573E-12
    0.18625E+04    0.30778E-12
    0.19001E+04    0.29083E-12
    0.19385E+04    0.27481E-12
    0.19776E+04    0.25966E-12
    0.20176E+04    0.24535E-12
    0.20583E+04    0.23183E-12
    0.20999E+04    0.21905E-12
    0.21424E+04    0.20697E-12
    0.21856E+04    0.19556E-12
    0.22298E+04    0.18477E-12
    0.22748E+04    0.17458E-12
    0.23208E+04    0.16495E-12
    0.23677E+04    0.15585E-12
    0.24155E+04    0.14725E-12
    0.24643E+04    0.13912E-12
    0.25141E+04    0.13144E-12
    0.25649E+04    0.12419E-12
    0.26167E+04    0.11733E-12
    0.26695E+04    0.11085E-12
    0.27235E+04    0.10473E-12
    0.27785E+04    0.98945E-13
    0.28346E+04    0.93479E-13
    0.28919E+04    0.88314E-13
    0.29503E+04    0.83434E-13
    0.30099E+04    0.78823E-13
    0.30707E+04    0.74466E-13
    0.31327E+04    0.70349E-13
    0.31960E+04    0.66460E-13
    0.32606E+04    0.62785E-13
    0.33264E+04    0.59313E-13
    0.33936E+04    0.56032E-13
    0.34622E+04    0.52932E-13
    0.35321E+04    0.50004E-13
    0.36035E+04    0.47237E-13
    0.36763E+04    0.44623E-13
    0.37506E+04    0.42153E-13
    0.38263E+04    0.39820E-13
    0.39036E+04    0.37615E-13
    0.39825E+04    0.35533E-13
    0.40629E+04    0.33565E-13
    0.41450E+04    0.31706E-13
    0.42287E+04    0.29950E-13
    0.43142E+04    0.28291E-13
    0.44013E+04    0.26723E-13
    0.44902E+04    0.25242E-13
    0.45809E+04    0.23843E-13
    0.46735E+04    0.22522E-13
    0.47679E+04    0.21273E-13
    0.48642E+04    0.20094E-13
    0.49625E+04    0.18980E-13
    0.50627E+04    0.17927E-13
    0.51650E+04    0.16933E-13
    0.52693E+04    0.15994E-13
    0.53758E+04    0.15107E-13
    0.54844E+04    0.14268E-13
    0.55952E+04    0.13477E-13
    0.57082E+04    0.12729E-13
    0.58235E+04    0.12022E-13
    0.59412E+04    0.11355E-13
    0.60612E+04    0.10725E-13
    0.61836E+04    0.10129E-13
    0.63085E+04    0.95669E-14
    0.64360E+04    0.90356E-14
    0.65660E+04    0.85338E-14
    0.66986E+04    0.80598E-14
    0.68340E+04    0.76121E-14
    0.69720E+04    0.71892E-14
    0.71129E+04    0.67897E-14
    0.72566E+04    0.64125E-14
    0.74031E+04    0.60561E-14
    0.75527E+04    0.57195E-14
    0.77053E+04    0.54016E-14
    0.78609E+04    0.51013E-14
    0.80197E+04    0.48177E-14
    0.81817E+04    0.45499E-14
    0.83470E+04    0.42969E-14
    0.85156E+04    0.40579E-14
    0.86877E+04    0.38322E-14
    0.88632E+04    0.36191E-14
    0.90422E+04    0.34177E-14
    0.92249E+04    0.32276E-14
    0.94112E+04    0.30480E-14
    0.96013E+04    0.28784E-14
    0.97953E+04    0.27183E-14
    0.99932E+04    0.25670E-14
    0.10195E+05    0.24241E-14
    0.10401E+05    0.22892E-14
    0.10611E+05    0.21617E-14
    0.10825E+05    0.20414E-14
    0.11044E+05    0.19277E-14
    0.11267E+05    0.18204E-14
    0.11495E+05    0.17190E-14
    0.11727E+05    0.16233E-14
    0.11964E+05    0.15329E-14
    0.12206E+05    0.14475E-14
    0.12452E+05    0.13669E-14
    0.12704E+05    0.12907E-14
    0.12960E+05    0.12188E-14
    0.13222E+05    0.11509E-14
    0.13489E+05    0.10868E-14
    0.13762E+05    0.10262E-14
    0.14040E+05    0.96901E-15
    0.14324E+05    0.91499E-15
    0.14613E+05    0.86398E-15
    0.14908E+05    0.81581E-15
    0.15209E+05    0.77032E-15
    0.15516E+05    0.72737E-15
    0.15830E+05    0.68680E-15
    0.16150E+05    0.64850E-15
    0.16476E+05    0.61233E-15
    0.16809E+05    0.57817E-15
    0.17148E+05    0.54592E-15
    0.17495E+05    0.51547E-15
    0.17848E+05    0.48672E-15
